12<

Adscensio recta media Solis, pro mediis meridiebus anni ficti,
addita Nutatione Solari. ι

Tabula VI.

Ῐῑ r tt

2 33 6,561
37 3,116
40 59‚671
44 56,226
48 52,781

52 49237
56 45292
3 o 42,448
4 39203
3 35259

12 32214
16 23270
20 25226
24 21232
23 13233

32 14295

- 36 11,451

40 3207
44 4264

43 1,120

51 57277
55 54233
59 50,790
3 47247
7 43204

11 40,461
15 37213
19 33275
23 30232
27 26290

31 23247
35 19204

ῙΙ ι n

4 35 19‚804
39 16362
43 12,919
47 9,477
51 6,035

55 2292
53 59,150
5 2 55,703
5 52265
10 43223

14 45231
13 41239
22 33,497
26 35255
30 31213

34 23,171
33 24229
42 21237
46 17245
50 14,4ο3

54 10261 ·

53 7219
6 2 4,ο77
6 ο,635
9 57,193

13 53,751
17 50209
21 46267
25 43426
29 39234

33 36241

continuata.

7⁸ r tt

6 33 36241
37 33299
41 29257
45 26215
49 22273

53 19231
57 15239
7 ,1 12446
5 9204
9 5262

13 2,119
16 53277
20 55234
24 51292
23 43249

32 44206
36 41,463
40 33221
44 34273
43 31,135

52 27292
56 24249
3 0 20205
4 17262
3 13219

12 10,475
16 7232
20 3233
24 ο,144
27 56,7ο1

31 53257
35 49213

Augustus.
ψ

h e n

8 35 49,813
39 46,369
43 42325
47 39,480
51 36,036

55 32292
59 29,147
9 3 25,702
7 22253

11 13213

15 15263
19 11223
23 3,473
27 5233
31 1233

34 53243
33 54297
“ 42 51252
46 47206
50 44261

54 40215
53 37,469
10 2 34223
6 30277

1ο 27,131

14 23235
13 20239
22 16292
26 13246
30 9299

34 6,453
33 3206

 

