350

Tabulae X. sect.111. α Andromedae.

17901188. 019457 34, 877 ÷27 55 54, 39 1800
Apr. 10 34ζ 830 53, ’95
1ιιι. 19 34, 775 53, ’48
081. 97 34, 719 59’ 96 ι
Dec. 66 34,649 59,41

1791Ι1ιιιι. 0 93 57 37‚738 427 56 19,51 1801
Apr. 10 37,663 11‚94
1ιι1. 19 37,583 11‚35
Oct. 97 37, 497 10, 75 ’
Dec. 66 37’ 406 10, 12

179211an.1 93 57 40, 509 -1-97 56 30 · ”’ῗῖιὲῑϊ9
Apr. 10 40, 415 29,- ,
1ιιι. 19 40, ’319 99, 00
, oct. 97 40' 991 9837
gneo. 66 40,190 97,73

sau. 09453 3319 759 430

= Apr. 10 3, 878 5, 33

1111. 19 3, 949 5, 87Ι
oct. 27 4,026 6, 43
Dec. 66 4‚1o9 ι

san. 09358 7,154 -1-97 5996, 73
Apr. 10 7,939 · 97,.39
1ιιι. 19 7‚328 97,91
08897 · 7,419 98,51
Dec. 66 7,513 9911

Ι1ιιιι. 0 93 58 1ο,555 -1-97 59 48,82
Apr. 10 1o‚651 49,49
1ιιι. 19 10,747 50,00
oct. 97 10 ,843 50, 57
Dec. 66 10, ’999 51,13

11ιιιι.ο93581,3981 -1-98 010,86

1'7-93 Jan. 0 93 57 43995 Ι-ι-97 56 47,85 1303
Apr.1o ’ 43,124 ,47,23 >
1ιιι. 19 43,094 -46,64
Oct. 97 49995 4607
[Dec. 66 42,826 45,52

1794 san 0 ’93 57 45,931 -1-97 57 5 ,61 1804
Apr. 10 · 45,834 5 ο’8
1ιιι. 19 45,749 ⁶ 4, 59
081. 97 45 ,653 4’ 14
1188. 66Ι 45’ 569 3, ’74

''14,077 11 ’,40
14,170 11, ’91

’ 12,39
12,85

-Ὶιιιι, 1 93 58 17‚394 ÷28 0 3961
Apr. 10 17‚480

1ιιι. 19 17561 -

081.- 97 17, 637

Dec. 66 17, 707

1ιιι. 0935890758 498 05389,

1795111111. O 23 57 48, 669 -1-27 57 23, 77 1805
Apr. 10 48’ ,588 23, 40
1111.19.ἰ48 514 23, 07
Oct. 27 48, 447 22, 80
³Dec. 66 48 ,386 22, 57 —

1796 Jan. 1 23 57 51,478 -1-27 57 42, 55 1806
Apr. 10 51 4,22 42, 36
1111 19 51 3‚75 42, 23
Oct. 27 51, ’336 42, 16
Dec. 66 51 ’306 42, 15

Apr 10¹ 90’ ,895 ἦέ
1ιιι 19 90’ 884

oct 97 90’ ,936 54, 51
Dec. 66 9ο, 981 54’ 69

1880193 58 94 ,040 -1-98 1 14, 50
Apr. 10 94, 079 ε 14, 57
1ιιι. 19 94,110 14’ 58
oct. 97 94, 131 14, 54
1088. 66 94’ 144 14, 44

——¹——-'—.—4—;—-——-—’—

1797 1ιιιι.ο’93 57 54, 388 ÷27 58 9, 05 1807
Apr. 10 54, 363 9, 07
1ιιι. 19 54, ’347 9,15
oet. 97 54‚34o 229
Dec. 66 54,342 948

Ι1ιιιι. 0 93 5897, 915 -1-98 1 34, 38 ’
Apr. 10 ’97, 991 34, 94
1ιιι. 19 97, ’919 34, 05
081. 97 97, 907 33,80
Dec. 66 97,185 3350

*sans 1935830968 -1-98 15351

1798 Jan. 0 23 57 57,414 -1-27 58 22,31 1808.
Apr. 10 57,422 22,54 p
1111. 19 57,439 22,81
oct. 27 57,464 23, 13
Dec. 66 57,498 23,49

1799 Jan. 0¹23 58 0,559 ÷2758 43,97 1809
Apr. 10 0,598 43,67
1ιιι. 19 0,645 , 44,1o
oet. 97 - 0,698 44,57
Dec. 66 0,760 45 ,07

Α r. 10 30,241 53,17
1111. 19 30,205 52,79
Oct. 27 30,160 52,36
Dec. 66 30, 106 51,39

Jan. ο’93 5833900 428 911,96
Apr. 10 33,141 11,47
1ιιι. 19 33,076 10‚94
081. 97 33,004 10,38
Dec. 66 39995 9,79

 

