134

Tabulae X. sect, Ῑ. β Orionis.

1750 Jan. 0 '5 233009 - §gb 3733 1760 Jan. 1 '5 2'59‘,860 -3295‘12‚40
Apr, 10 88‚021 38‚.10 p. 59,873 51‚58
Jul. 19 33,025 38,88 59,894 50,77
oct. 27 33,021 39,68 59922 4997
Dec. 66 33,008 40,50 v . 59‚958 49,17 ,

1751 Jan. 0 5 235,889 - 830 35,28 1761 Jan. 0 5 3 2,821 —- 829 44,53
Apr. 10 · 35,871 36,10 Apr. 10 2,862 43,75
Jul. 19 35,845 36,92 Jul. 19 2,909 42,99
Oct. 27 35,811 37,72 Oct. 27 2,963 42,27
Dec. 66 35,769 38,52 Dec. 66 3,023 41,58

1752 Jan. 1 5 238,660 - 830 3331 1762 Jan. 0 5 3 5,878 - 829 36,90
Apr. 10 38,613 34,ο9 Apr. 10 5,942 36,24

Jul. 19 88‚56o 84,84 Jul. 19 6,010 1 35,62

· oct. 27 38, 500 35, 55 oct. 27 6,ο82 35,06
Dec 66 38, ’434 36’ 23 Dec 66 6,159 ·,34 54

17531811. 0 5 241, 332 -— 83031, 07 1763 Jan. 0 5 3 9,009 -- 82929, 81
Ap r. 10 41, 262 31, 72 Apr. 10 9, 088 29, 33
Jupl. 1 41,187 32, 31 1u1.19 9,170 28, 92
Oct. 27 41,108 32, 85 Oct. 27 9, 254 28, 57
Dec. 66 41‚O24 33, 33 Dec. 66 9, 339 28, 28

17541811. Ο 5 243,928-83028,24 1764Jan. 1 5 312,186--82923,47
Ap r. 10 43, 843 28, 68 Ap r. 10 12, 273 23, 23
Jupl. 19 43, 756 29, 04 J ul 19 12, 359 23, 07
Oct. 27 43, 666 29, 33 Oct 27 12,445 22,97 ·
Dec. 66 43,574 29,55 Dec. 66 12,530 22,94

1755 Jan. 0 5 246,480 - 830 24,56 1765 Jan. o 5 3 15378 - 82918,05
Apr. 10 46,389 24,73 Apr. 10 15,462 18,07
Jul. 19 46299 24,82 Jun. 19 15,544 18,17
oct. 27 46,210 24,82 oct. 27 15,623 18,33
Dec. 66 46,123 24,74 Dec. 66 , 15,699 18,57

1756 Jan. 1 5 2 49,028 - 8 30 19,88 1766 Jan. 0 5 3 18,550 - 8 29 13,60
Apr. 10 48942 19,76 p . 18, 624 13,88
Jul. 19 48‚861 19,57 . 18, ’693 14,22
oct. 27 48,783 19‚81 . 18, 756 14,64
Dec. 66 48, 710 18, 97 . 18’ 815 15,12

1757 Jan. 0 5 2 51 610 - 8 30 14,17 1767 Jan. 0 5 321, 672 - 829 10,07
Apr. 10 51,540 13, 78 p . 21,727 · 10,58
Ju1.19 51,477 13, 33 . 21,775 11,15
Oct. 27 51, 420 12,82 . ⁰ 21,816 11,76
Dec. 66 51,369 12,25 . 21,851 12,43

1758 Jan. 0 5 254,261 —- 830 7,53 1768 Jan. 1 5 324,716 - 829 7,33
Apr. 10 54,215 6,92 Apr. 10 · ‚ , ⁴
Jul. 19 54,177 6,27 Jul. 19 , ,
Oct. 27 54,147 5,58 Oct. 27 ‚ ν
Dec. 66 54,125 4,85 Dec. 66 ‚ ‚

1759 Jan. 0 5 257,007 - 830 0,18 1769 Jan. Ο 5 327,662 - 829 5,15 ”
Apr. 10 56,990 29 59,45 Apr. 10 27,663 5,95
Jul. 19 56‚981 58,69 Jul. 19 27,655 6,76
oct. 27 56,980 58,88 Oct. 27 27,639 7,58
Dec. 66 56‚988 57,04 Dec. 66 27,615 8,4o

 

