Tabula VIII.
1767.

Log. Α Log. Β ng. C' Log. D Log. τ Ε

fflwwwww

9‚4o57 0,7338 η 02105 n 12998 - 00 4 625
9,4653 0,7372 n o‚8074 η 12789 82362 4 ο,05
92148 0,7448 η 02727 n 12425 8,7373 4 o,05
9,5557 0,7550 η 12815 η 1,1876 82134 4 ο,05
92896 0,7656 η 1,1570 η 1,1092 92383 4 ο,05

9,6176 0,7749 n 12094 n o‚9968 9,1352 4 ο,05
92412 0,7813 π. 12438 n 02264 92144 4 025
9,6617 0,7837 η 12632 n 02180 92813 4 025
9,6804 0,7813 π 12690 η 92839 η 92393 4 ο,05
92984 0,7739 η 12618 η 02630 n 92905 4 025

9,7166 0,7616 n 12415 n 02446 n 9,4362 4 025
9,7356 0,7451 η 12068 η 12046 η 9,4776 4 025
9,7559 0,7252 η 1,1556 η 1,1112 n 92154 4 024
9,7774 0,7033 η 12836 η 1,·1861 η 92502 4 ο,05
9,7999 02812 η 02825 η 12390 n 92824 Α 4 ο,05

-92229 02608 n 02343 n 12750 n 92123 4 0‚05
92460 02440 η 02877 η 12969 η 92404 4 025
92686 02324 η 92094 η 12061 n 92667 4 025
92903 02269 n 02552 12033 η 92915 4 0‚05
92105 02277 n 0,7227 12882 η 9,7150 4 ο,05

92290 02338 n 02113 12601 n 9,7373 4 026
92456 02437 η 12336 12169 η 9,7585 4 026
- 92602 , 02554 n 1,1193 1,1552 η 9,7787 4 026
92731 02667 η 1,1808 12684 n 9‚7980· 4 026
92843 02759 η 12239 02434 η 92164 4 026

92941 02812 n 12519 0,7471 n 92342 4 0,06
02031 02814 η 12664 02462 n 92512 4 ο,05
02115 02757 n 12682 02903 92676 4· ο,05
02199 02637 n 12572 02688 92834 4 ο,05
02287 02453 n 12324 02020 92986 4 025

¹ 02382 02211 n 1,1919 1,0443 92134 4 ο,05
02486 02922 η 1,1322 1,1414 ⁸ 92276 4 025
02600 . 02605 n 12466 12099 92414 4 025
02722 02288 η 02221 12574 92547 4 ο,05
02850 02003 n 0,7252 12880 92677 · 4 025

02981 0,4785 ‚2 02206 12038 92803 4 025
0,1110 0,4661 ⁷2 02782 n 12056 92925 4 026
0,1234 0,4640 η 02485 η 12937 02044 4 026

 

