Tabula VIII.
1750.

9,5255 09599η 0,5109 n
9‚5698 09682η 0,8076η
99077 09958 η 09728 η
99396 0,133οη 19816η
99663 0,1704 η 1,1571 n

9‚6886 0‚2008 n 1,2094 n
9‚7075 0,2195 n 1,2438 n
9,7239 0‚2233 π 1,2632 n
9‚739O 0‚2098 π 1‚2690 n
9,7536 Ο,1765 n 1,2618 n

9,7686 0,1202 n 1,2415 ‚2
9‚7845 09358 η 1,2068 ,ι
99016 99143 η 1,1557 n
99200 9,7359 n 19836 n
. 9,8395 9,4442 n 09826 n

9‚8597 8,6256η 0,8344η
99801 9,1665 0,588οη
99002 9,4434 99110 η
99195 99382 09546
99376 95461 0,7224

99543 9,4842 09111
99692 99401 19335
99825 99480 1,1193
99940 79151 1,1807
09040 89176 n 1,2238

09127 9,1126η 1,2518
09206 99833 π 1,2664
09281 898191. 1,2682
09356 89632 1,2572
09434 9,4670 1,2324

09520 9,7344 1,1919
09615 99142 1,1321
09719 09431 19466
09832 0,1363 09219
09952 09017 0,7250

0,1074 09439 09200
0,1195 09662 09793 ,ι
¹ , 0,1312 0,2710 ,0,6488 a

 

