Tabula vm.
1768·

Log. Α Log.‚B Log. 0 Log. D Ifog. τ Ε

ῊΜΜῸΝᾙΜ

9,4980 0,4636,. ’0,5105η 1,2998 46,oe

9,5457 0,4677 η 0,8074 η 1,2789 , 4 0,06
9,5863 0,4796 η 0,9727 n 1,2425 , ⁴ -ι- 0,06
9,6204 0,4961 η 1,0815 η 1,1876 , ÷ 0,06
9,6489 0,5133 52 1,1570 η 1,1092 , -1- 0,06

9,6726 05280.. 1.,2094η 0,9968
9,6927 0,5374 η 1,2438 η 03264
9,7102 0,5398 η 1,2632 η 0,5180
9,7263 0,5339 η 1,2690 η 92838 n
9,7418 0,5190 n 1,2618 η 0,5630 η

9,7577 O‚4949 n 1,2415 n 0‚8446 η ³ ,
9‚7744 O,4618 π 1,2068 n 1‚0046 n ,
9,7924 0,4207 n 1,1556 n 1,1112 n
9,8115 0,.3732 n 1,0836 η 1,1861 a
9,8318 0,3219 n 0,9825 τι 1,2390 n

9,8527 0,2709 1. 0,8343 η 1,2750 η
98738. 0,2253 η 0,5877 η 1,2969 η
9,8945 ο,1909 η 9,9093 2. 1,3061 η
9,9144 ο,1724η 03552 13033 a
9,9331 ο,1713 η 0,7227 1,2882η

9,9502 ο,1855 n 0,9113 1,2601 η
9,9656 0,2098 n 1,0336 1,2169 2.
9,9792 0,2381 π 1,1193 1,1552π
9,9911 0,2648 n 1,1808 1‚0684 ,ι
0,0014 0,2852π 1,2239 0,9434η

0,0105 0,2960 n 1‚2519 0,7471 n
0,0187 0,2944η 1,2664 0,3462,.
0,0265 0,2783 n 1,2682 0,0903
0,0342 0,2454η 1,2572 0,6688
0,0423 > ο,1929 η 1,2324 0,9020

0,0512 ο,1175 η 1,1919 1,0443
0,0609 0,0142η 1,1322 1,1414
0,0716 9,8751 2. 1,0467 1,2099
0,0832 9,6867 η 0,9221 1,2574
0,0953 9,5215 η 0,7252 1,2880

ο,1078 9,0065 ἠ 03207 13038
ο,1201 7,9639 η 0,0781 η 13056
ο,1319 8,0628 0,6484η 1,2937

444 44444 44
„09⁹0 „0„0„0,.0,.0 „0⁹0⁹ „ υ u ⁹ Ψ υ ⁹
333 33333 33

 

