46⁰

Tabulae X. Sect. V. α Canis minaris.

1830'Jan. 0 ’736 23251 ÷ 5⁰39 4276 1840 san. 1 5¹36 55‘2756 ’.ι- ἕ37 5’1’,56
Apr. 10 23252 5,13 Apr. 10 55,845 5125
161. 19 23256 527 161. 19 55229 5020
oct. 27 23263 626 oct. 27 56208 4920
1166. 66 23278 622 116666 56283 4925

1831166 0 730 26250 1-538 5725 mli&
26‚463 5824 Api». 10 59276 3927

26,382 58,ὃὸ J ul. 19 59,341 39,27 Δ

26,307 59‚56 Oct. 27 59,399 3854
26,239 Ι 39 Ο,29 Dec. 66 69,45o 37‚76

1832 Jan. 1 7 30 29,408 -ι- 5 38 51,25 1842 Jan. Ο 7 31 2,580 -ι- 5 37 29,19

52,76
5325
5425

1833166. 0 73032260 15384529 1843166. o 731 5256 ...5371727
Apr. 10 32226 4629 Apr. 10 5272 16,68
161. 19 32201 4629 161. 19 5278 1520
oct. 27 32285 4729 Oct. 27 5276 15,14
116666 32278 48,48 116666 5264 14,4ο

7 30 35,426 ÷ 5 38 3922 1844 16η. 1 7 31 9215 -ι- 5 37 521
35,426 4020 Apr. 10 8298 5,09
35,434 4024 161. 19 8271 4,41
35,451 s 4125 Oct. 27 8236 ⁷ 3,77.
35,477 4223 116666 8291 3,18

7 30 38214 ÷ 5 38 3321 1845 san. 0 7 31 12253 -ι- 5 36 5423
38246 3327 Apr. 10 12203 5327
38285 3427 161. 19 11246 5327
38233 35,13 oct. 27 11282 5323

3523 Dec. 66 11210 5224

7 30 41215 -1- 5 38 2627 1846 san. o 7 31 14281 -ι- 5 36 4322
41275 27,14 Apr. 10 14‚905 4328 ·
42241 2724 Jul. 19 14223 4322
42,113 2728 066 27 14236 48,13
42,191 2826 116666 14244 4322

1837 16η. 0 7 30 45211 ,ι- 5 38 1927 1847 16η. 0 731 17221 -ι- 5 36 3420
Apr. 10 45292 1920 Apr. 10 17,727 34,14
Jul. 19 45‚477 19‚66 Jul. 19 17230 34,15
occ. 27 45266 19,75 oct. 27 17232 3424
116666 45258 19,77 1166661 17,431 34,40

1838 Jan. Ο 7 30 48,773 -Ι- 5 38 1Ο,96 1848 Jan. 1 7 31 20,611 -1- 5 36 2248
10‚93 Α pr. 10 2Ο,510 25,70
10‚84 Jul. 19 20‚410 2599
10,67 Oct. 27 20,311 26,34
10,44 Dec. 66 2Ο,214 26,76 >

-Ι- 5 38 1,71 1849 Jan. Ο 7 31 23,392 -ι- 5 36 17‚75
1,43 Apr„ 10 23296 1822
129 Jul. 19 23265 18,75
Ο,69 Oct. 27 23,118 19,33
0,22 Dec. 66 . 23,035 19‚97

 

