,ᾖ

181

Tabulae X. Seet. I. β Aquilae.

1 7 ’6 0 l 7 6 0 ζζζοξξ) A. R. qued. Decl. med.

‘W m Μ, ,Μ ,Μ

san. ο-ίζ268 4 4,9 - ὅ,25 -14,8 41 41 175013 4'3 ίζ724ο 4 348 ’3,704
1ο -1,2οο 4 8,6 - 1,75 -15,ο 0 41 1751 43 4,6752 48 13,936

2ο 41,(197 4120 4 3,24 -14,5 o 41 1752 43 7,6264 48 22172

30 -ο,961 415,1 - 4,65 -13,4 -1 41 1753 43 1ο,5776 48 3ο,411
361529 -ο,795 418,ο - 5,92 -11,7 -1 4-1 1754 43 125288 4832654
1755 43 164860 48 46,9οο

19 -ο,6ο2 42ο,5 6,98 - 9,4 -2 41 1756 43 19,4312 48 55,15ο
Mart. 1 -o‚385 4228 7,79 - 6,6 -2 41 1757 43223824 49 3,4ο4
11 -ο,146 424,8 8,29 .- 3,3 -2 41 1758 43253335 49 11,662

21 ÷0‚111 ÷26‚5 &45 -ι- 0‚2 —3 o 1759 43 222846 4912923

31 4ο,383 427,8 8,26 4 3,7 -3 0 176ο 43 31,2357 49 22188

’ 1761 43 34,1868 49 36,457

Apr.10 4ο,666 428,7 7,72 -z- 7,1 -3 0 1762 43 37,1379 49 44,729
2ο 4ο,957 429,3 6,85 41ο,3 -3 0 1763 43 40,089o 49 53,005

30 41,251 429,3 5,67 413,1 -3 0 1764 43 43,ο4οο 5ο 2285
Maj.1o 41,542 428,7 - 4,24 415,4 -2 0 1765 43 45,991ο 5ο 9,568
2ο 41,825 427,6 - 259 417,3 -2 0 1766 43 48,942ο 5ο 17,855

“ 1767 43 51,893ο 5ο 26,146

3ο 42693 425,8 ο,79 418,5 -2 41 1768 43 54,8439 5ο 34,441
Jun. 13 -ι-Ξξὲἑ -ι-Ξὲ, 10 ÷19‚1 42141 1769 43 57,7948 5ο 42739
29 42750 -1-17,

sul. 9 ÷2‚901 413,

19 4293} ÷ 4 48 44ἓρ 042 Diei reducto addendum est:
Aug.23 11:32393 Ϊ οζ2 ÷}1‚‘4'‘5⁵‡}333 4.(1) ‡{ ante J 13 0
3 13:33: 333 2:333 ÷1 113 Μ ³ ÷ 1

{302 ÷19,2 -1 41 177ο 44 ο,7459 5ο51,ο4,1
4, 3 -1-18,7 -1 41
6, 6 417,8 -
84
0,

5
5
Ο
1
8
4

1,ο
8,8

6,7 2 43 ,
17 42,784 -14‚1 414,98 4,5 2 43
27 42632 -15,9 415,31 2,2 2 43
Oct. 7 42466 -16,8 415,42 0‚o ÷2 43

17 ÷2,297 —16,7 ÷15,31 — 2,2 43 44

4
Sept. 7 42,913 -11,5 ÷14‚42 ÷
..[-
..ξ-

27 42132 -15,8 414,98 - 4,4 43 44
Nov. 6 42981 -14,1 414,44 - 6,5 43 44
16 41,851 -11,5 41369 - 8,5 42 44
26 41,751 - 8,4 41274 -1ο,4 42 44
Dec. 6 41,683 - 5,ο 411,62 -12,ο 42 44

2 410,34 -13,4 41 44
6 4- 8‚94-14‚4 4144
3 4 7,46 -15‚0 44

16 41,652 - 1,
26 41,659 4 2,
36 41,704 4 6,

In mensa. Jan. et Febr. annorum bissextorum legitur dies insequens.

 

