13⁰

                       
                 

Tabulae X. Secfl Ι. α Tauri.

  

 

 

 

    
        
       
       
     
       

 

 

   

 

 

 

 

   

 

 

  

 

 

      

 

 

 

     
    
     

 

 

 

 

 
    
     

    
 

 

 

    
     

      
    

   
    
    

  
    
 

Oct. 27
Dec. 66

52320
52223

3248
3270

 

      
       
         
           

   
 

     
     

1757166. 0 42152681 415 5944,76 1767166. 0 42232314 -1-16 121,79
Apr. 10 52592 4203 Apr. 10 35,386 21,38
Jul. 19 52511 4237 Jul. 19 35‚451 2291

 

 

 

 

oct. 27 52436
066. 66 52369

, 4273
4225

oct. 27
Dec. 66

32507
· 32556

2238
1280

        

 

 

 

 

 

   

  

           
     

 

    

1758 Jan. O 4 22 2,813 ÷15 59 5423 1768 Jan. 1 4 22 38,964 -1-16 1 28,10
Apr. 10 2,750 54,74 Apr.10 · 39‚008 27,48
Jul. 19 2696 55,3o Jul. 19 39‚o42 26,88
Oct. 27 2,652 55,91 oct. 27 39,068 26,14
Dec. 66 2,618 56,57 Dec. 66 39,Οὸἐῖ ⁷ 25,ss

1759 Jan. Ο 4 22 6‚051 416 Ο 4‚48 1769 Jan. Ο 4 22 42,503 -1-16 1 33,75
Apr. 10 6,Ο22 5,17 Apr. 10 42,512 33,00
Jul. 19 6,ΟΟ2 5,88 Jul. 19 42,512 32,ae
Oct. 27 5,993 6,63 Oct. 27 ,
Dec. 66 5,993 7‚40 . ,

 

 

 

 

 

      

1750 Jan. o 142132442 ÷1359 224 1760166. 1 422 2414 ÷1‘6 61227
Apr. 10 37‚465 58 59‚54 Apr. 10 9,422 16,o5
Jul. 19 37‚479 5281 Jul. 19 2437 1234
Oct. 27 37,433 5205 oct. 27 2462 17,63
066. 66 37,477 57,27· 066. 66 2496 1242
1751 san. 0 42142902 415 59 5‚71 1761 Jan. o 42212907 -1-16 02228
Apr. 10 42889 4,91 Apr. 10 12947 27,ο7
Jul. 19 42367 4,12 Jul. 19 , 12996 2283
oct. 27 42335 233 oct. 27 12052 2258
066. 66 40,794 253 066. 66 12117 2281
1752166. 1 42142231 415 591296 1762 san. 0 42212517 416 037,19
Apr. 10 44,134 - 1217 Apr. 10 37,89
Jul. 19 44,123 9341 3256
Oct. 27 44064 266 3218
066. 66 42991 7,94 3276
1753166. 0 42142438 ’.ι-15591235 1763166. o 42222224 ...16 ο47,69
A r. 10 47,361 15‚65 Apr. 10 22314 4224
su. 19 47,277 1200 Jul. 19 22408 4273
oct. 27 47,187 14,4ο oct. 27 22505 4217
06666 47092 1284 066. 66 22606 4255
1754166. 0 42152547 ÷15 59 2218 1764 Jan. 1 42222995 -ι-16 057,54
Apr. 10 50‚448 21,66 Apr. 10 Α 24,ο97 57,83
Jul. 19 52346 21,21 Jul. 19 24,199 58,15
061. 27 52242 2232 oct. 27 24301 5235
066. 66 52135 2250 066. 66 22404 5248
1755166. 0 42152593 -ι-15 59 2275 1765 san. o 42227,793 -1-16 1 256
Apr. 10 52436 2247 Apr. 10 27,895 264
Jul.. 19 52379 2227 Jul. 19 27,995 266 v
oct. 27 52271 2214 oct. 27 22092 260
066. 66 52164 Ι 2209 066. 66 22137 243
1756 16η. 1 42152622 -1-155936‚26 1766166. 0 42231,579 416 114‚64
Aps. 10 52517 3226 Apr. 10 31,671 14,47
Jul. 19 52416 3233 ⁶

 

