' Tabula v111
1826;

Δ Log. Α Log. Β Log. C Log. D Log. τ

99126 09430 0909οη 1,2999
9,5562 ο,5400 09067 η 1,2790
99935 09800 09728 n 1,2426
9,6248 09151 1,0812η 1,1878 .
9,6509 ο,4982 1,1569 n 1‚1d95

9,6725 ο,4826 1,2093 π 09971
9,6907 0,4718 1,2438 η 09268
99064 0,4690 1,2632 π 0,5 187
9,7208 0,4758 1,2690 π 99768 η
99347 ος4921 1,2619 π 0,.5628 n

9‚7491 09161 1,2415 n o,8447 η
99645 09451 1,2068 η 1,0047 η
9,7813 0,5761 1,1556 n 1,1113 η
99995 0,6061 1,0835 ⁷. 1,1862 η
99188 0,6331 09822 n 1,2391 η

99390 0,6556 09338 η 1,2751 η
’9,8594 0,6726 09867 n 1,2969 ‚2
9,8796 0,6887 99039 η 1,3061 η
99990 0,6890 0,3572 1,3032η
99171 0,6887 09236 1,2882 n

99388 0,6836 09118 1960οη
99487 0,6749 1,0339 1,2168 η
99616 0,6640 1,1196 1,1550 η
99731 0,6528 1,1809 1,0681 n
99829 0,6431 1,2240 0943οη

99914 0,6373 1,2519 094671.
99990 0,6371 1,2664 0,3454 η
0,0062 0,6430 1,2682 0,0910
0,0134 0,6554 1,2572 0,6688
0,0210 0,6731 1,2324 09019

0,0294 0,6943 1,1920 1,0442
0,0388 0,7169 1,1323 1,1413
0,0492 09388 1,0469 1,2098
0,0605 09581 09225 1,2573
0,0725 0,7736 ο,7260 1,2880

’ 0,0849 09842 09228 1,3037
0,0971 0,7896 0,0742η 1,3056
0,1089 ο,7899 0,6474η 1,2938

,ἒῖἑὲ ἑέἓέἒ ὲζέῑζέ, ζ
888 88888 88888 8““

 

