19⁰

   
       
      
    
        

   

Tabulae X. sec‘t. I. a Piskcis 'amm-ini.

Μ

      
     
       
      

             

 

 

 

 

 

 

         

 

     

     

 

 

         
       

 

 

  

    

1750 Jan. 0 9941347349 -3ὃ 5’6 1’7’,95 1760 san. 1 9Ξ 44 15153 -3ὃ 53 9”9,67
Apr. 10 47,827 17‚59 Apr.⁴1o 19,197 9936
Jul. 19 47‚803 17‚28 Jul. 19 19,949 93,οο
oct. 97 47368 17,ο9 oct. 97 19309 93,03
Dec. 66 47,724 16,82 Dec. 66 19,377 23,11
1751 san, οἲ99 43 51,ο97 -30 55 53,15 1761 Jan. o 99 44 99703 -30 53 4,36
Apr. 10 51‚048 57,99 Apr. 10 22‚785 · 4,34
Jul. 19 50‚99o 57,89 Jul. 19 22‚850 4,97
oct. 97 50994 5735 oct. 97 99945 ’ 4,14
06666 50350 5736 Dec. 66 93,035 3,95

 

 

 

        
     
      

     
     
      
      
      
  

 

 

 

    

    
  

             
  

   

 

    

  
  

      
      
      
  

 

            
  

 

   
     
  

 

        
     
      
 

 

      
   
   
      

     

    

 

 

 

       

 

   

    
     
     
      
     

 

        

   

   

  

  

 

 

 

 

     

   
   
       
  
    
      
    
     
    

          
  
        
       

   
   
   
   

  

        

   

 

 

   
     

    

 

 

 

   
   
   
  

          
    
  
                    
        
     
             

     
    
    

 

 

 

  

  

    
   

           

 

 

 

 

 

   

 

 

 

 

 

 

     
  

 

  

 

 

 

   

    

       

1752 J an. 1 22 43 54,231 -30 55 39,12 1762 Jan. 0 22 44 26,359 -30 52 45,27
Apr. 10 89‚17 Apr. 10 26,452 45,04
- Jul. 19 ι 39,29 J ul. 19 44‚77
Oct. 27 39,47 Oct. 27 44,45
Dec. 66 39,71 Dec. 66 44,Οὸ
1753'Jan. 0 22 43 57,267 -30 55 20,88 1763 Jan. Ο 22 44 30,071 -30 52 25,45
‘ Apr. 10 57‚166 Ι 21,16 Apr. 10 30,176 25,05
Jul. 19 57 ,063 ' 21,49 Jul. 19 30,280 24,61
oct. 27 56,957 21,87 oct. 27 ·30‚384 24,13
Dec. 66 56‚848 ’22,30 Dec. 66 30‚488 23,62
1754 Jan. O 22 44 0,241 -30 55 3341 1764 Jan. l 22 44 33,8Ο7 -30 52 5,04
Apr. 10 Ο,131 3,87 Apr. 10 53‚910 4,51
Jul. 19 Ο,022 4,37 Jul. 19 34,011 · 3‚95 ,
Oct. 27 43 59‚914 4‚91 · Ι Oct. 27 34,108 3,37
Dec. 66 59‚806 5,49 Dec. 66 34,2Ο3 2,76
’ 1755 Jan. 0 2244 3,197 -30 54 46,55 1765¹Jan. 0 22 44 37,525 -30 51 44,21
Apr. 10 47,14 Apr. 10 37,617 43,60
47,76 Jul. 19 37,703 42,98
48,39 - Oct. 27 37,784 42,35
49,Ο4 Dec. 66 37,859 41,72 >
1756 Jan. 1 22 44 6,184 -30 54 30,Οὸ 1766 Jan. Ο 22 44 41,187 -30 51 23,18
Apr. 10 30,74 Apr. 10 41,258 22,55
Jul. 19 3139 Jul. 19 41,320 21,93
Oct. 27 32,04 oct. 27 41,375 21,33
Dec. 66 3258 Dec. 66Ι 41,422 20,74
1757 Jan. 0122 44 9,246 -30 54 13,73 1767 Jan, 0 22 44 44,760 -30 51 2,18
Apr. 10 9,184 14,37 Apr. 10 44,802 1,61
Jul. 19 9,131 14,98 Jul. 19 Ι 44,834 1,06
Oct. 27 9,087 15,57 oct. 27 44,857 Ο,55
Dec. 66 9,052 16,13 Dec. 66 , 44,871 o‚07
1758 Jan. ,0 22 44 12,417 -30 53 57,20 1768 -30 50 41,47
Apr. 10 12,389 57,74 41,01
Jul. 19 12‚371 58,95 4ο,60
Oct. 27 12,363 58‚71 4Ο,24
Dec. 66 12,365 59‚13 39‚92
1759 Jan. 0 22 44 15,718 -30 53 4Ο,25 1759 Jan. 0 22 44 51,551 -30 50 21,26
Apr. 10 15,727 4Ο,64 Apr. 10 51,523 20,98
Jul. 19 15,745 40‚98 J ul. 19 51‚485 20,75
oct. 27 15,774 41,26 Oct. 27 51,438 ,
Dee. 66 15,812 41,’19 , Dec. 66 51‚381 ,

 

 

 

 

 

  
     

   

      

  

 

