242

Tabulae X.⁵ Sect. II. α Coronae.

177ο Jan. o 1629164119 .ι-2“’7 3ὀ ὅ,19 173ο san. 1 1¹5⁸ 2’6 22933 -ι-2“’7 27 6613
58,078 · , Apr. 10 22,141 55,43
63,ο31 , sut. 19 22202 64,7ο
67,977 , Oct. 27 22, 263 63, 93
67,913 , Dec 66 22, ’333 63, ’23

1771 Jan. O 15 25 0,474 427 29 50,31 1781 Jan. 0 15 25 24, 849 -ι-27 27 40, 91
Apr. 10 Ο,411 51,Ο7 Ap r. 10 24, 921 40, 22
Jul. 19 0,344 51,81 Jupl. 19 24, 995. 39, 57
Oct. 27 0,273 52,53 Oct. 27 25, 071 38, 95
Dec. 66 0‚198 53,24 Dec. 66 25, 148 38, 36

1772 Jan. 1 15 25 2,758 -1-27 29 40,38 1782 Jan. 0 15 25 27, 657 -ι-27 27 25, 95
Apr. 10 2,681 41,Ο7 Ap r. 10 27, 735 25, 39
Jul. 19 2,602 41,71 μ Jupl. 19 27, 813 24, 88
Oct. 27 2,522 · 42,32 Oct. 27 27, 891 24, 42
Βεο.’66 ¹ 2,440 42,89 Dec. 66 27,968

1773 Jan. o 15 26 6,οο4 -ι-27 29 3ο,ο3 1733 Jan. o 15 26 3ο,473 427 27 11,66
Apr 10 , ‚ ‹Apr.1o 3ο,664 11,13
sul 19 ‚ , sul 19, .3ο,627
Oct 27 , , Oct. 27 3ο, 693
{Dec 66 , , Dec. ⁶5! 3ο’ 767

1774 Jan. 0 15 25 7,243 -1-27 29 19,14 1784 Jan. 1 15 25 33, 280 427 26 57, 90
7,165 19,46 Apr. 10 33, 346 57, 76
7,Ο91 19,71 Ju1.19 33, 408 57, 69
7,Ο21 19,89 Oct.· 27 33,465 57,68
6,955 20,00 Dec. 66 33,518 57,73

1775 Jan. 0 15 25 9,512 -4-27 29 7,35 1785 Jan. 0 15 25 36,036 -1-27 26’45,11
Apr. 10 , , Apr. 10 36,085 45,21
Jul. 19 , ‚ Jul. 19 36,128 45,38
oct. 27 , ,⁰ Oct. 27 36,165 45,61
Dec. 66 ‚ Dec. 66 36,196 45, 91

1776 Jan. 1 15 25 11,841 -1-27 28 54, 61 1786 Jan. 0 15 25 38, 722 -1-27 26 33, 22
Apr. 10 , , Apr.10 38 ,749 33, 56
Jul. 19 , ‚ Ju1.19 38, 768 33, 95 “
Oct. 27 , , Oct. 27 -, 38,781 34, 40
Dec. 66 , , lDec. 66 38,786 34, 91

 

Apr. 10 14,242 40,51 Apr. 10 41,322 22,69 “

Jul. 19 14,234 4Ο,Ο2 Jul. 19 “ 41,315 23,27
Oct. 27 14,234 39,49 Oct. 27 41,302 23,90

1777 Jan. 0 15 25 14,258 -1-27 28 40,94 1787 Jan. 0 15 25 41,321 1-1-27 26 22,15
Ἷῡθο. 66 14,240 38,90 Dec. 66 41,280 24,56

Apr. 10 16,782 25,88
Jul. 19 16,802 25,23
Oct. 27 16,827 24,55

Apr. 10 43,797 12,46
Jul. 19 43,764 13,16
oct. 27 43726 13,33
Dec· 66 16‚860 23‚84 Dec. 66 43‚679 14,63

ffllsan. ο162619,334 4-27 2311,43 1739 Jan. οῗ16 26 46230 4-27 26 1,31

1773 san, o 15 26 16,772 -1-27 23 26,49 fiij. 1 15 26 43,323 -ι-27 26 11,76

Apr. 10 19,421 1ο,76 Apr.1o 46,13ο 2,66
Jul 19 19,464 1ο,ο2 Jul. 19 46,124 3,32
oct. 27 19,612 923 οοι. 27 46,ο64 4,ο7
Dec. 66 19,566 8‚53 Dec. 66 45,998 4,33

 

