218

Tabulae X. Sacc. Π. α Canis

1770 Jan. 0 636 1”,603 -10626 1”,19 1780 Jan. 1
Apr. 10 · 1,48ο 124
Jul. 19 1,46ο 226 ⁴
001. 27 1‚413 , 324
26866 1268 3 3,97 ⁴

1771 Jan. ο 636 4227 -1626 826
Αριμ10 3278 826
Jul. 19 3223 920
oct. 27 , 3262 928
Dec. 66 3,796 10,10

1772666. 1’ 636 6,463 -16 261426
Apr. 10 6293 1423
Jul. 19 6,319 14‚93
oct. 27 6242 16,16
Dec. 66 6,162 1620

1773 J an. O 6 35 &833 -16 25 19,56 1783 Jan. 0
’ Apr. 10 8,751 19,65
Jul. 19 8268 19,67
Oct. 27 8,584 19,62,
Dec. 66 8‚499 19‚49

1774 Jan. O 6 35 11‚17'1 —16 25 23,85 1784lsan. 1
Apr. 10 11,087 23,64 Apr. 10
Jul. 19 11‚oo4 2337 , Jul. 19
Oct. 27 10,923 23,Οὸ Oct. 27
Dec. 66 10‚844 22,62 Dec. 66

Jan. 0 635 13‚514 -16 25 27,Οὸ 1785 Jan. Ο
Apr. 10 13,437 26,62 Apr. 10
Jul. 19 13‚364 26,11 Jul. 19
oct. 27 13,296 25,53 Oct. 27
Dec. 66 13,232 24,90 Dec. 66

1776 Jan. 1 635 16297 -1626 29,43 1786 Jan. o
Apr. 10 15,836 28,77 Apr. 1ο
Jul. 19 16,782 2826 Jul. 19
oct. 27 16,734 2722 oct. 27
Dec. 66 16293 2626 Dec. 66

1777 Jan. Ο 6 35 18,350 -16 25 31‚13 1787 Jan. Ο

Q
v

1775

Apr. 10 18213 3024 ι Apr. 10
Jul. 19 18284 2923 Ju1. 19
oct. 27 18262 2821 Oct. 27
Dec. 66 18248 2728 Dec. 66

1778 Jan. Ο 6 35 2Ο,896 -16 25 32,48 1788 Jan. 1
Apr. 10 20,887 31‚65 p .
Jul. 19 20,885 30,84 .
Oct. 27 20,891 3o,04 .
ι Dec. 66 20,904 29,26 .

1779 Jan. O 6 35 23,542 -16 25 33,84 1789'Jan. 0
Apr. 10 23,561 33,Ο7 Apr. 10
Jul. 19 23,586 32,34 Jul. 19
Oct. 27 23,618 31,65 Oct. 27

Dec. 66 23,657 30,99 Dec. 66

majoris.

636 26287 -1‘6 26 3624
26231 3421
26380 3424
26434 3323
26494 3327

-16 26 3726
, 37,43
3728

3620

6 36 34242 1-16 26 46,ο8
36223 46,18
36203 4626
36182 4629

6 36 37279 -16 26 6ο,14
37266 6ο,·49
38230 6021
38,101 6129
38,169 6123

6 36 4ο,791 -16 26 6629
40266 6727
40217 6729
40272 6726
41222 , 6827 ⁴

6 36 43260 -16 26 2,78
,43,696 322
43,736 428
43,769 626
43,796 627

636 46,431 -16 26 926
46,463 10,77
46,467 1129

- 46,473 12,41
46,472 1323

6 36 49,117 ἶῖ26 1721
49298 {3333
49277 19‚66-

6 36 612021-16 26 2421 ’

2522
2628

 

