Tabulae X. sect. Π. α Aq'm‘lae.

1780

Jan. o -1”,381 4 5,1
10 --1,311 4 8,8
3ο -1,1ο6 4133
30 -ο,967 415,4
Febr. 9 -0,798 -1-18,3

19 -0,603 430,8
Mart.1 -ο,383 433,1
11 -ο,14ο 435,1
31 40,119 436,7
31 4ο,394 438,0

Apr. 10 ÷o‚679 4289
20 ÷o‚972 4224
30 ÷1‚266 429,ss

1780

Var. 10
annor.

7,85 -10,3 -3 41 1776
8,34- 7,3 ..3 41 1777

39 36,4716
39 39,4010
39 433304
39 45,3597
39 481890
39 51,1183
39 54,0475
39 56‚9768
39 59,9ο6ο
40 3,8353
4ο 5,7645
40 8,6937

· 40 11,6330

40 145533

257

16 44334
16 53,ο39
17 1,858
17 1ο,681 1
17 19,5ο8
17 38,339
17 37,174
17 46,ο13
17 54,854
18 3‚7oo
18 13,55ο
18 31,404
18 30363
18 39,133

Maj.1o 41,557 438,7
3ο 41,839 437,4

40 17,4814
40 3ο,41ο6
40 333398
40 363688
40 39,1979
40 331370

18 47,987
18 56,856
19 5,739
19 14,606
19 33,487
19 33,371

11 419,5 -2 41 1788
88 4202 -2 41 1789
33 ÷20,4 -1 41 1790
9

30 43105 435,6 ,
Jun. 9142351 ÷23‚2 ‚

191÷2‚568 43ο,1

39143753 416,6 ,
sul. 9ἱ43,9001413,6

-ι- 8,4

6÷2Q1 -1 41
4÷19‚2 041

9

193÷3,oo5 Diei reducto addendum est:
,29 ÷3,067
Aug. 8¹÷3‚084
13'÷3‚053

281÷2‚991

o
41

- Ο,5 ÷12‚o5
— 4,7 -4-13‚384
- 8,5 414,50

ante

post ἔ Jan.12 ἰ

Sept. 7
17

43,888Ι-11,8 415,38
43,7554-14,4 416,ο3
οεὲἔῖὲῑὲἓὲῐὲὲῑὲ ῑέἓῑέΐ·

17ἰ43,361ἰ-.16,9 416,54’

37.43,094,-15,9 41633
Nov. 6÷÷1‚9435-14‚1 415,67
3133633 133
nec. 6 41ζ645Ι- 4ζ9 413ζ69

16 416151- 1,

 

 

-13,9 43 45
11,33ν-14,4 41 45

36ἱ41,633ξ4 3, 9,81ἲ-15,6 41 45
. 36 41,67ο 4 6 8 31 -16,3 0 45

ΙΙ,”Ι

In menss, Jan. et Febr. annorum bissextorum legitur dies insequens.

 

17

