228

Tabulae xj Soet. Π, α Leonis.

177oJan. 0 856 7”,136 -ς- 13 44336 1780188. 1 656 37362 -1-13 21134

Apr. 10 7‚o95 49, 1 1 Apr. 10 37‚426 1 1‚4o
J ul. 19 7‚045 48,93 J ul. 19 37,495 11‚4o
Oct. 27 6988 48,81 Oct. 27 37‚571 1134
Dec. 66 · 6322 48,75 Dec. 66 . 3265ss 1132

1771 Jan. Ο 9 56 10,155 -4- 13 431,57 1781 Jan. 0 956 40‚834 ÷13 1 54‚o5
. Apr. 10 10384 3135 · Apr. 10 v 40318 5339
Jul. 19 1⁰‚008 31‚6o Jul. 19 41‚006 53‚67
oct. 27 9325 3131 oct. 27 41397 53,41

Dec. 66 9,837 31,89 Dec. 66 41,192 53,Οὸ

1 95613378 ÷ 13 41433 1782188. 0 95644370 413 13537
Apr. 10 12386 1435 Apr. 10 44,466 ’ 3531
Jul. 19 12391 15,13 Jul. 19 44362 3530
oct. 27 12393 15,46 oct. 27 44359 3435
088. 66 12392 1536 Deo—,66 44,757 3436

1773 san. 0 95615336 -ι- 13 35832 1783 Jan. 0 956 47334 -ι-13 11730
Apr. 10 15334 5835 p 1638
Jul. 19 15332 5933, 16,13
oct. 27 15330 5935 1534
08866 15329 4 031 1438

17741181» 0 956 18373 ÷ 13 343,12 956 51389 -ι-13 05731
Apr. 10 18373 43,71 p 51377 5738
Jul. 19 18376 4432 51361 5634
Oct. 27 18483 4436 51340 5539
088. 66 18393 4533 51314 5532

v

1775 Jan. 01 95621332 ÷ 13 32830 1785 Jan. 0 956 54399 -ι-13 03832
Apr. 10 21346 2838 Apr. 10 55369 3735
Jul. 19 -21,466 2936 Jul. 19! 55,132 3638
oct. 27 21392 3035 Oct. 27 55388 3633
088. 66 21325 3034 088, 66 55337 3538

san. 1 956 24356 ÷ 13 31331 1786 Jan. 0 956 58331 -1-13 018‚66
Apr. 10 24394 14,19 Apr. 10 58‚475 1832
Jul. 19 24‚440 1436 Jul. 19 . 58310 17,41
oct. 27 24394 1531 Oct. 27 58337 1633
Dec. 66 24357 16,14 088661 58356 1637

1777 san. 0 95627379 -ι- 13 25832 1787188. 0 957 1359 -1-1259 5932
Apr. 10 27348 5933 Apr. 10 1372 5839
Jul. 19 , 27325 5931 Jul. 19 1375 5830
oct. 27 27312 3 0,44 oct. 27 1369 5735
08866 27309 034 08866 1354 5735

1778 Jan. 0 95630319 ÷ 13 24337 1788188 1 957 4369 -ι-12 59 4034
Apr. 10 30321 4434
Jul. 19 30333 44,46
Oct. 27 30354 4433
088, 66 30384 45,14

’ἷῇ Jan. 0 9 56 33383 ÷ 13 22733 17831ἷῖ) Ῑ57 8357 ’4- 12 59 2133
Apr. 10 34319 28,10 {Apr. 10 8303 2138
Jul. 19 34362 2832 sun, 19 7342 2139
3ξὲΞέ

34,114 2848 Oct. 27 7374 2136
34373 2838 ,088364 7399 2139

1776

 

