132

Tabulae X, sect. Ι. α Aurigae.

1750 san. o 45812401 4454248165. 1760166. 1 458 52582 445 48 2298
Apr. 10 174437 4291 , Apr. 10 58‚534 28‚75
Jul. 19 17,461 ‚ 4214 161. 19 52548 29,56
oct. 27 12478 . 4184 061. 27 52574 8086
06666 12472 40,52 06666, 52618 81,16

1751 an. ο 458 21,874 445 42 45,71 1761166. 0 459 2001 4454385,74
Apr. 10 21,864 4489 Apr. 10 2047 86,58
161. 19 21842 44,07 161. 19 3‚104 ’ 8229
oct. 27 21,808 48,77 oct. 27 8,172 88,01
066. 66 21,761 4247 Ι066 66 8,250 88,71

 

17521811. 1 458 26,178 ἶι-ᾟξ42 47,64 1762 Jan. 0 459 7,625 ÷45 48 4332 ι -

Apr. 10 26,123 46,86 Apr. 10 7‚710
Jul. 19 26,057 46,11 Jul. 19 2802
Oct. 27 25380 45,39 oct. 27 7,903
Dec. 66 25‚891 44,7o Dec. 66 , 8,012

1753 166. 0 4 58 80828 445 42 49,88 1768 san. o 4 59 12877 445 48 50,88
Apr. 10 8ο,228 49,17 Apr. 10 12491 5ο,87
161. 19 80,124 4258 161. 19 12,6ο9 51,29
061. 27 80013 4808 oct. 27 12782 51,65

4066 66 29‚893 47,54 06666 51,94

1754 san. o 4 58 84884 445 42 5259 1764 166. 1 4 59 17‚219 445 48 5668
84210 5218 Apr. 10 17‚349 56,93

34‚081 51,77 161. 19 17‚480 ,57,11 ·

82948 51,47 061. 27 17,612 5222
82811 51,24 06666 17,745 5226

1755166. 0 458 82258 445 425619 1765166, 0 45922108 44544 208
Apr. 10 88,119 56,ο1 Apr. 10 22236 ’ 207
161. 19 37‚981 55,91 161. 19 22866 1,98
061. 27 82848 55,88 061. 27 22495 1,88
066. 66 37,705 55,93 066. 66 22617 1,6o

ἧΓιι. 1 45842152 445 48 0,79 1766166. 0 45926,979 44544651

 

 

Apr. 10 42016 0,89 116610 27,101 6,24
161. 19 41,884 1,07 161. 19 · 27,216 · 5,9ο
061. 27 41,757 1,82 oct. 27 v 27825 5,50
066. 66 41,685 1,65 06666 27,427 5,ο8

1757 san. o 458 46‚076 44548 6,40 1767 Jan. 0 459 81,797 4454410,οο
Apr. 10 45,958 6,78 Apr. 10 31‚894 9‚50
Jul. 19 45‚849 7,22 161. 19 81,982 294
061. 27 45,749 7,72 oct. 27 82061 8,.88
06666 45,657 8,28 06666 82180 7,67

1758 166. o 4 58 52088 445 48 1296 1768 Jan. 1 4 59 86,511 445 44 1270
Apr. 10 50,ΟΟ2 13,56 Apr. 10 36‚573 1201
161. 19 42928 14,20 161. 19 86628 11,29
Oct. 27 42865 14,88 oct. 27 86662 10,54
Dec· 66- 49818 15,61 066. 66 86689 9,76

1759 Ja‘n. Ο 4 58 54,231 -1-45 43 2Ο,23 1769 Jan. Ο 4 59 41,085 ÷45 44 14‚82 ἶ
Apr.1o 54‚187 2298 Apr. 10 41‚1o4 14‚o2 “
Jul. 19 54,155 21,75 Jul. 19 41,11O 1332 v
Oct. 27 54‚136 2254 Oct. 27 41,103 12,40
Dec. 66 54,129 23:35 Dec. 66 41,084 11,58

 

