371

Tabulae X. Sect. IV. β Tauri.

1820 '1820 vam-0 111881 6881141.

san. ο4-1”,4704- 4,4 41’,61 44,8 41-8 1810 ἒ141733585 488 8’6 ἕ,008
10 41,490- 0,6 4803 44,1 48 -8 1811 1481,1369 86 6,778
80 41,459- 5,4 48,48 43,7 43 -8 1818 14849814 8610,530
30 41888- 9,9 4876 43,1 43 -8 1813 14 88,7060 8614883
-12162 1212 88 888881 888288
19 41,108-16;7 43,19 41,1 44-11816 144οζ0603 8685ζ508
Mm1 4ο,989 -18,6 43,84 -0,8 44 -1 1817 14438458 86 89,839
114ο,737-19,4 43,16 -1,4 44 41 1818 1447,6308 86 38,965
814ο,548-19,0 4896 -8,6 44 o 1819 1451‚4153 2636,685
31 40,358 -17,3 48,65 -8,6 44 0 {3}ss ᾖ Ξξξὲἓὲ Ξὲἓὲμῗῧὲ
Apr.1o 40,196-14,7 48,84 -4‚4 44 0 1888 15 8ζ7713 8647813
80 4ο,064 -11,8 41,77 -4,9 43 41 1883 15 65568 86 51,518
30 -ο,088- 6,9 41,87 -5,1 43 41 1884 15 108484 86 55805
Maj.1o -0,074- 8,8 40,76 -4,9 48 41 1885 1514,1880 86 58893
80 -ο,ο78 4 8,7 40,89 -4,4 48 41 1886 1517,9138 87 8575
1387 15 81,6996 87 6,858
3ο -0,080 4 7,6 -ο,18 -3,7 41 41 1888 15 85,4855 87 9,984
Jun. 9 40,080418,4 -0,44 -8,7 ο o 1889 15 89,8715 8713591
19 40,887 416,9 -0,66 -1,7 o 0 1830 15 33,0577 8717851
89 40,417 48ο,9 -0,77 -0,5 -1 0
Jul. 9÷0‚644 424,3 -0,76 40,7 -1-1

19 40,908 487,1 -ο,64 41,7 -8 -1 11161 reducto addendum esu
89 41,186 489,4 -0,43 48,5 -8 -8

2211· 6 1ἲὲἓὲ 3ῑὲὲέ -ἓὲῗ 21ἓὲ 1} .ῖὲ } Jun-10 ζ
{gss22134 438ζ9 ’.ἷοζ60 ss4jo -3 -3 ‘’⁰⁹'‘ ,

Sept. 7 ÷2,465 ÷33,1 41,oe 449 ...3 -4
17 ÷2‚⁷96 ÷82‚9 41340 4-4,0 -3-4
27 43,122 4328 41,80 ÷3‚9 -3 ..5
Oct· 7 ÷3‚442 ÷31‚4 48,17 43,6 -3 -6
17 ÷3‚750 ÷30‚1 4258 43,5 -8 -6

27 44,ο44 428,4 42,86 43,4 -2-6
Nov. 6 4431ss 426,2 43,19 43,3 -2 -7
16 44,568 423,5 43,52 43,5 -1-7
26 44,788 4203 43,88 43,6 0-7
Dec. 6 44,974 41 44,24 43,8 0-8

6,5
16 45,118 412,2 44,64 44,1 41 -8
26 45,2184 7,5 45,Οό 44,2 42 -8
36 45,2684 2,6 45,48 44,2 43-.8

111 menas. Jan. et Febr. annorum bissextorum legitur dies insequens,

 

