230

Tabulae X( 866111. β Leonis.

1770 166. 0 1⁷1 8’7 12749 413 5'1 17, 10 1780 166. 1 1164748898 .μὲ 48’ 225
Apr. 10 12708 1721 Apr. 10 48‚759 886
161. 19 12652 1787 161. 19 48880 888
061. 27 19892 1780 061. 27 48806 827
06666 19825 1788 066. 66 48887 7,87

1771166. 0118722619 -1-15505721 1781166. 0118752080 -1-15474784
116610 22847 5888 ’ Apr. 10 52114 4780
161. 19 22470 5889 161. 19 · 52201 4784
061. 27 22887 5880 061. 27 52,191 4684
06666 22299 5225 06666 52884 4681 ¹ ,

1772 Jan. 1311 37 25,400 -ι- 15 50 39.Οὸ 1782 Jan. Ο 11 37 55,423 -4-15 47 26,12
Apr. 10· 25,309 39‚51 ' Apr. 10 -55‚517 2557
Jul. 19 25,215 40,02 Jul. 19 55‚611 2591

Oct. 27

Dec. 66

061. 27 25819 4087 55205 24,48 ,
06666 25821 41,15 55800 2884

1778 166. 0 11 87 28825 -1-15 50 2089 ἣω. 0 11 87 58888 -1-15 47 887
Apr. 10 22025 21,48 Apr. 10> 58882 887

161. 19 27,926 2209 161. 19 52028 277
061. 27 27828 2271 061. 27 ¹⁸ 59,111 216
06666 27,781 2885 066. 66 59,197 186

1774166. 0“11 87 808841415 50 8,07 1784166. 11188 2289 415 46 4189
Apr. 10¹ 80‚738 8,70 Apr. 10 2822 41,10
161. 19 80846 488 161. 19 · 2401 4082
061. 27 80858 485 061. 27 2474 8297
06666 82478 . 586 06666 2542 8248

1775 166. 0 11 87 88872 -1-15 49 4529 1785 166. 0 11 88 5890 115 461254
Apr. 10 33‚491 45,89 Apr. 10 5‚654 1201
161. 19 82416 46,47 161. 19 5,711 1882
061. 27 ’88848 4781 061. 27 5,762 18,07
06666 88287 4788 06666 5-,805 1785

’1776 166. 1 11 87 86877 [49 2729 ἶῇἐ 166. 0 11 88 8861 -115 45 57,71

 

Apr. 10 86821 27,78 Apr. 10 8,899 5782
161. 19 86278 2828 161. 19 8829 5687
061. 27 86288 2884 061. 27 8850 5687
06666Ι 86202 2201 06666 8868 5242

1777166. 0118789282 -1-15 49 882 1787166. 01118812080 4154581688
Apr. 10 89257 215 Apr. 10 12087 8621
161. 19 89240 248 161. 19 12085 , 8684
061. 27 82288 985 061. 27 12024 8588
066. 66 89284 981 06666 12005 8588

1778 166. 0111 87 42808 -1-15 48 4270 1788 san. 1111 88 15882 -1-15 45 1582
Apr. 10 42811 4288 Apr. 10 15856 1581
161. 19 42827 4291 161. 19 15822 1585
Oct· 27 42‚352 4988 oct. 27 14880 1585
066. 66 42885 4289 06666 14880 16‚11.

1779 Jan. Ο 11 37 45,443 -1-15 48 29,84 1789 Jan. Ο 11 38 18,017 -ξ- 15 44 55,98
Apr. 10 45,482 Ι 29,76 Apr. 10 17,961 56,17
Jul. 19 45,529 29,63 Jul. 19 17,898 56,42
061. 27 45888 2246 061. 27 17829 5622
Dec. 66 45,644 29,24 Dec. 66 17,753 57,Οὸ

 

 

