296.

   

      
        

Tabulae X. sect. III. a Canis masoriss.

1790 Jan. ο 635 54,190 -106 3’6 3”1,23 1300 san. 0 ’63613442 -106 2’7 όζ31
Apr. 10 54,132 31,74 Apr. 10 13511 26 5393
Jul. 19 54,069 3319 Jul. 19 13533 5374
oct. 27 54002 3357 oct. 37 13653 5356
066. 66 - 53929 3339 066. 66 13736 5345

   

  

   
     

   
    

   

           
 

     

       
    
  

     

1791 Jan. 0 635 53597 -1626 37,16 1301 Jan. o 63623353 -1627 339
53532 37,43 , Apr.1o 23432 333

53444 37,62 Jul. 19 23512 334
53363 37,73 oct. 27 33593 393 v

53230 37,76 066. 66 - 23673 4,ο3

17931611. 1 635 53952 -1636 4314 1302 san. o 63633290 n-1627 344
Apr. 10 53367 4312 Aps. 10 23371 “ 364

Jul. 19 53733 4302 Jul. 19 23450 391
061. 27 53699 4134 oct. 27 23527 325 ¹
066. 66 53615 41,59 066. 66 23602 366

    
  

      

    

 

           

 

 

 

    

    
     

       

1793 san. o 636 1,337 -16 26 4306 1303 Jan. o 63623221 -16271393
Apr. 10 1,2ο4 4376 Apr. 10 33295 14,33 ,
1,124 4339 Jul. 19 23365 1439
1,ο47 4395. 061. 27 '¹ 23431 1345
3972- 44,45 066. 66 33493 1307
1794 san. 0 636 3641 ω16264301 1304 Jan. 1
3569 4346 Apr. 10
3503 47,36 Jul. 19

     

&442
3386

   

47,21 063. 27
4351 066. 66

6 36 31,116 -16 37 2327
33175 2392
33223 21,61
31,275 2333

« 33317 2309

 

  
  

        
       

 

    

  

 

  

 

, 1795 san. 0 -16 26 51,14 13055311. ο 6 36 33943 -16 27 37,36
5341 - Apr. 10 33936 2304

4366 Jul. 19 34‚o16 2333

4333 oct. 37 34,ο39 2364

4307 066. 66 33055 3346

-16 36 5373 1306 Jan. o 6 36 33694 -16 27 34,62

   

     

    
 

51,91 Apr.1o 36 705 3344
51,09 . 3326
5327 37,ο6
4344 37,35

     
 

   

      
  
  
     

   

       

 
         
        

 

 

      
        

    

   

   

      
   

    
     
   
     

 

       

 

   

   
        

 

 

1797 1611. o 6 36 11,119 -16 36 54,11 1307 Jan. o 6 36 33343 -16 27 4302
Apr 10 11,12ο 5330 Apr. 10 33335 4330
5351 Jul. 19 33301 · 4354
51,74 061. 37 33369 4435
51,οο 066. 66 33231 4393
1793 Jan. o 6 36 13305 -16 26 5364 1303
13333 54,92 p . ‚
13363 5325 . ,
13909 5362 063. 27 41,739 5ο,33
13957 5303 066. 66 41,677 51,35
1799 Jan. ο 6 36 13535 -16 26 57,62 13091136. 0 6 36 44‚342 —16 27 5364
13637 57,ο7 Apr. 1ο 44,377 5307
13693 5359 Jul. 19 44,2ο7 5342
13755 5316 oct. 27 43133 5370
13321 5379 066. 66 43056 5390

 

        

