Log. Α

ᾙΜῸΝΜΜΜ

9,1633
93642
93419
9,4028
9,4613

9,4904
9,6228
9,6604
9,6762
9,6989

9,6226
9,6468
9,6723
9,6989
9,7264

9,7542
9,7817
9,8084
9,8337
9,8571

9‚8785
9‚8976
9,9144
93289
93419

93532

93634
93731
93827
93927

03034
03150
03277
03412
03553

03697
03838
03974

'Pabula' VIII.

Log. Β

048779 n
O‚8819 π
0,8889 n
0,8976 π
03067 π

03149 n
03209 π
03239 π
03235 n
03195 π

03121 π
03019 π
0,8895 n
0,8761 π
0,8628 π

0,8510 τι
0,8417 π
0,8359 π
0,8340 τι
0,8360 n

o‚8413 n
O,8488 π
0,8575 η
0,8660 π
0,8731 n

O,8778 π
0,8792 π
0,8769 π
0,8706 n
O,8605 π

0,8473 τι
0,8317 τι
0,8151 n
0,7912 n
0,7855 π

03768 n
0,771·0 ⁷.
0‚7715 n

1803.

Log. C

0‚5096 π
0,8070 n
03724 n
13813 π
1,1569 ἠ

’13093 η

1,2438 π
1,2632 n
1,2690 η
1,2619 n

1,2415 ἠ
1,2068 π
1,1556 π
13835 π
03823 π

0,8340 π
0,5871 n
9‚9061 n
O‚3564
0,7232

03116
13338
13196
1,1809
13239

13619
13664
13682
13672
1,2324

1 ‚ 1920
1,1323
13468
03223
0,7257

03220
03757 π
03478 π

Log. D

13999
13790
13426
1,1878
1,,1094

03970
0,8267
03184
93796 η
03629 π

0,8447 π
13047 τι
1,1113 n
1,1862 π
1,2391 η

1,2751 n
1,2969 n
1‚3061 n
1‚3033 n
1,2882 π

1,2600 n
1,2168 n
1‚155l π
13682 π
03432 π

0,7469 η
03457 n
0,ο907
03688
03019

13442
1 ,1414
1,2098
1,2574
1,2880

13037
13066
13937

Log. τ

-· 00
8,4362
83373
83134
93383

9,1352
9,2144
9,2813
93393
9,3905

9,4362
9,4776
9,5154
9‚5502
9,5824

9,6123
9,6404
9,6667
9,6915
9,7150

9,7373
9,7585
9,7787
9,7980
93164

93342
93512
9,8676
9‚8834

9,8986 ,

93134
9,·9276
93414
93547
93677

’ 93803

93926
03044

Ε

 

