173

Tabulae X. Sect. I. a Ophiuchi.

1 ⁷ ⁶ ο ζὶῑοέῗ)

ww

A. R. med.

Μ

1 7 6 0 Decl. med.

Μ

san. 0 -1”,288 417,7 - 4225 -22,4 -1 41 1750 1923236339 412 45’ 423172

10-1,093 4212 - 4,47 -21,8 -1 41 1751
20 -Ο,865 4-24,1 - 6,60 -20,3 -2 41 1752
30 -0,612 4-26,3 - 8,53-18,1 -241 1753
Febr. 9 -0,340 427,9 -10,21 -15,2 -2 41 1754
19 -0‚055 4-28,8 -11,56-11,6 -24-1 1756
Mart. 1÷0‚-{-236 4’3292 1-2,53- 7,6 -3 41 1757
1140,5284-29,1 1-3,08- 3,5 -3 41 1758
214ο,817428,5 -,13224- Ο,8 -2411759
314-1,0984-27,6 -,12934- 4,9 -24-1 1760
Ap r 10 4-1, 368 426,3 -12,25 4- 8,6 -241 1762
20 4-1, 624 424,-7 -11, 21 4-11, 9 -2 41 1763
3041, 861 422,7 - 9874147 -241 1764
Maj 10 4-2,0774- 20,-3 -- 8,28 4-16,8 -1 4-1 1765
20 4-2,267 417,6 - 652 4-182 -1 4-1 1766
304-2,429414,6 -- 4,6,44-190 041 1768
sm 9÷2‚559 411,3 - 2,72 419,2 041 1769
19426544- 7,7 - 0,814-18,7 04-11770
29437134 4”02417,8 4141
Jul. 9 ÷2,733 4- 74 4-16,4 41 41

19 ÷2‚714 -

18 -1-2,441-13,
28 -1-2, 291 -,16

‚0
,1
,8
,5
,8
7
Ο
Sept. 742121 -,176
17-1-1,-94Ο 18,2
27-1-1,-757 17,9
oct. 741,582-16,7
174-1,423 -14,5
,4

,7

,3

,4

,2

,8

4

Nov. 6 41, 195—
16 -1-1, 139
26 -f-l, 129
Dec. 6 -1-1, 167

- 1641,2524-1
2641383415,
. 3641,,5564-191-

,98 -21, 8 0 45
21 -22’4 0 45
‚46 -22,3 -1 45

ιι 44444 44444 44444 44

1
2,
4,
5,
6,
7,
8,
8,
8,
8,
8,
7,
6,
5,
38
21
Ο,
1
4,
6

ante
post

23 234084
23 231829
23 239575
23 31,7321
23 34,5067
23 372814
23 4ο,0561
23 42,8308
23 45‚6o56
23 48,3804
23 51,1552
23 53,9301
23 56,7Ο50
23 59,4799
24 242550
24 5,0300
24 7 ‚8051
24 106802
24 13,.3553
24 16,1304

} 1222. 1³ ς

45 40,770
45 37,371
45 33977
45 30,586
45 27200
45 23817
45 23439
45 17064
45 13694
45 13327
45 3965
45 3606
45 0252
44 53901
44 53555
44 50213
44 46,874
44 43540
44 40209
44 33883

Diei reducto addendum ests

41
42

In menas. Jan. et Febr. annorum 'bissextorum legitur dies insequens.

 

