258

      
            
          
        
     
      
  
       
        
     
       
         
    

Tabulae X. sect. ΙΙ. β Aquilae.

      
     

     

 

 

 

 

 

      

   
    

1776 san. 6 1¹9 4'4 i'‚7o5 ÷ 556 5269 17861166 1 1945122397 -ς- 552 768
Apr. 16 1,679 56,72 Apr. 16 22445 7,21
Jul. 19 1‚645 57,36 Jul. 19 22499 281
Oct. 27 1,663 57,83 Oct. 27 22559 247
Dee. 66 -. 1‚554· 58,30 Dec. 66 22625 6,2ο
1771 Jan. 61944 2523 ÷ 551 245 1781 Jan. 6194432553 -ι- 5521462
Apr. 10 4,469 288 A r. 10 32623 1239
Jul. 19 4,468 7,25 Jul. 19 32697 14,23
Oct. 27 2341 7,54 oct. 27 32775 14,14

Dec. 66 4,268 7,77 Dec. 66 32,857 14,11

 

 

 

1

  

 

 

   
     

     
       
   
  
       
    

 

 

 

 

     
 

   

17721511. 1 1944 7,244 ÷ 551 1261 1782 san. 019 44 32786 ÷ 5522246
Apr. 10 f 7,167 1219 Apr. 10 32864 2248
Jul. 19 7‚086 1229 sul. 19 , 32949 2257
oct„ 27 7,661 1232 oct. 27 32636 2273
, 666 66 6,913 16,27 Dec. 66 36,125 2296
1773 Jan. 01944 9‚894 ,ι- 55124,61 1783 Jan. 019 44 32646 ÷ 55231,22
Apr. 10 9‚803 · 24,51 Apr. 10 32135 31,56
Jul. 19 2712 24,34 Jul. 19 32223 3283
oct. 27 2626 24,69 oct. 27 32316 3223
Dec. 66 2527 2277 Dec. 66 32396 3269

 

   
  

   
       

       
          
 

    
   
       

 

 

 

 

   
          

                  

1774 166. 0 19 44 12,509 -ι- 5 51 32,21 1784 Jan. 1 19 44 42,318 ÷ 5 52 40,88
Apr 10 31,85 Apr. 10 42,403 41,δὸ
81,42 J ul. 19 42,484 41,92

066. 27 12,236 30,93 066. 27 42,562 42,52

Dec. 66 12,149 30,38 Dec. 66 42,637 43,16

1775 Jan. 0'19 44 15,129 ÷ 5 51 38,89 17851Jan. 0 19 44 45,563 ÷ 5 52 51,29
Apr. 10 15,044 38,30 45,635 51,96

161. 19 14,964 37,67 45,701 52,66

oct. 27 14,889 37,00 45,761 53,38

Dec. 66 14‚819 36,29 45‚816 54,14

1776 Jan. 1 19 44 17‚793 -ι- 5 51 44,86 1786 Jan. 0 19 44 48,749 -ι- 5 53 2,25
Apr. 10 17,727 44,12 Apr. 10 48,800 3,02

Jul. 19 17,668 43‚36 Jul. 19 48‚843 3‚79

Oct. 27 17,616 42,59 Oct. 27 48,879 4,57

Dec. 66 17,570 41,80 Dec. 66 48‚908 5‚36

 

 

      

     

         
         
             

1777 Jan. 6 19 44 22536 -ι- 5 51 5239 1787 Jan. 6 19 44 51,856 ÷ 5 53 13,46
Apr. 10 26,496 Apr. 16 51,873 1225
51,888 1262

51,895 1277

51,894 1256

  
     

 

           
     
   

1778 Jan. O 19 44 23,379
Apr. 10 23,369
161. 19 2336ss

-ι- 5 51 5283
5266
54,32

1788 Jan. 1
A r. 10

19 44 54‚846 -ι- 5 53 2263
p 54‚839 25,34 ,
52824 2262
54,866 2265
52769 27,24

              
       
     
   

Jul. 19

 

 

 

  

066. 27 23,375 53,61 066. 27
Β66. 66 23,390 52,93 Dec. 66

1779 Jan. Ο 19 44 26,334 4· 5 52 1,49 1789*Jan. 0¹19 44 57‚731 -ι- 5 58 35,42
Apr. 10 26,355 Ο,84 Apr. 10 57,694 35,98
J ul. 19 2638ss 0‚24 161. 19 57,649 36,48
Oct. 27 26,419 51 59,69 066. 27 57,597 36,92
Dec. 66 26,462 59,18 Dec. 66 57,538 37,ae

 

 

 

 

 

 

