27⁰

    

'rabulae X. 3666 11. Pegasi.

     

 

       
 

           
 

 

 

 

 

 

     

 

     

17701166. 0122 53 2ό’,088 1125822137 1780 Jan. 122 53 47350 -1- 1⁰4 12237
116610 20372 2431 Apr. 10 · 47,989 2330
161. 19 20348 2430, 161. 19 48‚o35 23,18
061. 27 20315 24,42 oct. 27 48389 23,41
066. 66 19374 - 2429 066. 66 48349 2330
1771 Jan. Ο

     

Apr. 10
Jul. 19
Oct. 27

 
    
    

22 53 22,967 -1- 13 58 43,54 1781 Jan. Ο 22 53 51,107 -1- 14 1 4282
22,921 43,36 Apr. 10 51‚171 43‚14
22,868 43,13 Jul. 19 51,240 43‚5o

. 22,808 42,84 Oct. 27 51,314 43‚91
22,740 42,50 Dec. 66 5 1,392 44,36

1772 Jan. 1 22 53 25,741 ÷13 59 1‚83 178221an. 0¹22 53 54‚344 -Ι- 14 2 3,42
Apr. 10 25,669 1‚45 Apr. 10 54‚425 3‚90
Jul. 19 25,593 1,03 Jul. 19 54‚5o9 4‚41

, oct. 27 25,512 Ο,56 Oct. 27 54,596 4‚94
Dec. 66 25,426 Ο,Ο5 Dec. 66 54‚685 5,51

1773 Jan. O 22 53 28,433 -1- 13 59 19,43 1783 Jan. O 22 53 57‚634 -ι- 14 2 24,53

 

 

Dec. 66

 

   

 

 

 

 

      
       
   
    

       

 

   

   

          
       
 

 

 

 

 

 

   
   
   
       

    

     

   

   

  

   

    
 

  
  
 

 

 

 

 

 

  

   

      

     

            

     
     

     
  

           

 

 

  

     

     

     

 

 

 

 

 

 

   

 

 

 

 

 

 

    
   
      

 

  
   

Apr. 10 28344 1839 66610Ι 57323 25,11
161. 19 23254 1833, 161. 19 57313 2531
oct. 27 28,161 1734 oct. 27 57303 2632
Dec. 66 28,066 17,12 Dec. 66 57‚993 2694
1774¹Jan. 02253 31376 -1-13 59 3633 17841166. 1 2254 0342 ÷ 14 24534
Apr. 10 30381 3530 Apr. 10 1,031 4637
161. 19 30‚887 3526 161. 19 1‚118 47,19
oct. 27 30394 3431 oct. 27 1202 4730
066. 66 30302 3335 066. 66 1283 48,41
1775 Jan. ο 22 53 33311 -1-13 59 5339 1785 Jan. 0 22 54 4235 ÷ 14 3 7,43
A pr, 10 33321 5234 Apr. 10 4314 8,03
161. 19 33335 52,10 161. 19 4388 831
oct. 27 33353 51,48 Oct. 27 ,4357 9,16
066. 66 33375 5037 066. 66 4322 939
1776 Jan. 1 22 53 36379 -1-14 01028 17861166. 02254 7,480 ..- 14 32834
Apr. 10 36‚305 9‚69 Apr. 10 7,54Ο 29,25
161. 19 . 36237 9,13 161. 19 7393 2932
oct. 27 36,175 331 oct. 27 7339 30,16
066. 66 36,120 332 066. 66 7378 30,55
1777 Jan. 0 2253 39,116 -1-14 02739 1787 Jan. 022 54 10345 ÷ 14 34935
Apr. 10 39366 2733 Apr. 10 10379 5032
161. 19 39‚024 2631 161. 19 10305 5033
061. 27 33390 2624 oct. 27 10323 5039
066 66 38363 2532 066. 66 10332 5030
1778 Jan. 0 22 53 41350 -1-14 04523 1788 Jan. 1 2254 13309 -1- 14 4”935
Apr. 10 41329 4434 ,16610 . 13313 1ο,13
161. 19 41317 4431 161. 19 13303 1024
Oct· 27 , 41‚913 4434 Oct. 27 13394 1029
Dec· 66 41,918 44,42 Dec. 66 13,672 1Ο,29
1779 Jan. 0122 53 44394 -1-14 1 337 1789 Jan. 022 5416360 -ι- 14 42932
Apr. 10 44304 339 Apr. 10 16332 2938
Jul. 19 446923 336 161. 19 16396 2938
Oct· 27 44349 3‚60 oet. 27 16352 2921
066. 66 44383 339 066. 66, 16301 2839

 

 

 

 

      

