252

Tabulae X. Seet. Π. α Lyrae.

 

177o⁴Jan. 0¹1'52'9 6376 48‘8 34 5ἐ’ῑ,59 17801166. 1 1ἷὲ292ἔ392 4383'51641
Apr. 10 9362 5736 Apr. 10 28221
Jul. 19 9342 5838 Jul. 19 28255
061. 27 9317 5837 oct. 27 28293
06666 9387 59,41 06666 29236

1771 Jan. 0182911327 43835 232 17811166. 09182931251 -1-38351729
Apr. 10 11393 2,63 p 31‚o96
Jul. 19 11354 3,18 31,145
oct. 27 11,711 338 31,196
Dec. 66 11363 4,11 31250

1772 Jan. 1 18 29 13‚709 438 35 6‚79 1782 Jan. o*18 29 33,261 -1-3835 18,79
Apr. 10 13‚658 7 ‚18
Jul. 19 13,6o5 7‚49
Oct. 27 13,549 7,73
Dec. 66 13,489 7,89

1773 Jan. 0 18 29 15,538 -1-38 35 1037 1783ἓ166. 0 18 29 35303 -1-3835 2134
Apr. 10 15,477 ,1038 Apr. 10 Ι, 35364 21,42
Jul. 19 15,416 1031 Jul. 19 35325 2138
oct. 27 15353 1ο,77 , oct. 27 35385 2131
Dec. 66 15289 1034 066 66 35345 22,11

1774 san. , 0“18 29 17339 -1-38 35 1332 1784 Jan. 1 18 29 37354 -138 35 2435
17275 · , 1334 Apr 10
17212 1329
17,150 1237

 

17,089 1237

1775 Jan. 0³18 29 19,139 -1-38 35 1534 1785 Jan. 0 18 29 39291 438 35 2927
Apr.1o 19379 Ι 14,89 Apr. 10 40243 2934
Jul. 19 19322 1439 Jul. 19 4o‚091 · >80‚46

oct. 27 18269 1333 061. 27 40,135 31,12
06666 18218 1320 Dec. 66 40,176 3132

1776 Jan. 1 18 29 20264 -138 35 1625 1786 Jan. 0 18 29 42192 -1-38 35 34,44
Apr. 10 20216 15,59 Apr. 10 42230 ·
Jul. 19 20372 1420 Jul. 19 42263
oct. 27 20333 14,16 Oct. 27 42291
066 66 20399 1339 Dec. 66 42314

1777 Jan. 0 18 29 22339 -1-38 35 16,49 1787, Jan. 0 18 29 44336 -1-38 35 40,11
Apr. 10 22308 1530 Apr. 10 44356 4023

, Jul. 19 22383 1420 Jul. 19 > 44370 4135
oct. 27 22363 1438 oct. 27 44379 4237

Dec. 66 22348 1325· Dec. 66 44382 4339

1778 san. 0 18 29 24382 -1-38 35 1637 1788 san. 1 18 29 46311 -1-38 35 4528
p 15‚54 Apr. 10 46,410 4639 . ,

1432 Jul. 19 , 46304 - 47‚58

1322 061. 27 46391 4835

13,13 Dec. 66 46373 4939

1779 Jan. 0 18 29 26300 -138 35 1623 1789 Jan. 0¹18 29 48309 -1-38 35 5131
p 26310 15,46 Apr. 10 48387 5232
26325 1432 Jul. 19 48360 5339

26346 1ξέ 061. 27 48328 5331

26372 066 66 48291 5428

 

