Tabula VIII.
1771.

W

Log. A Log. B Log. 0 Log. D Lpg. τ Ε

9,4517 03614 0,51ο4 η 1,2998 »- 00
9,5004 03588 0,8073 n 1,2790 84362
9,5416 03519 0,9727 η 1,2425 83373
9,5758 03422 1,0815 n 1,1876 8,9134
9,6040 03313 1,1570 η ‚ 1,1092 9,0383

9,6Ξ72 03214 1,2094 π 0,9968 9,1352
9,6466 03143 1,2438 π 0,8264 9,2144
9,6632 03117 1,2632 π 0,5181 9,Ξὸ 13
9,,6784 03146 1,2690 n 9‚2834 n 93393
9,6931 03231 1,2618 n 0,563o n 9‚39o5

93082 03364 1,2415 η 0,8446 η 9,4362
93245 03531 1,2068 η 1,0046 n 9‚4776
93423 03716 1,1556 n 1,1112 n 9,5154
93616 03901 1,0836 η 1,1861 n 9,5502
93821 0,8071 0,9825 η 1,2390 n 95824

9,8035 0,8214 0,8343 η 1,2750 n 9,6123
9,8251 0,8322 0,5877 π 1,2969 η 9,6404
9,8464 0,8391 9,9091 n 1‚3061 η 9,6667
9,8669 0,8419 03553 1,3033 π 9,6915
9,8860 0,8409 03227 1,2882η 93150

9,9035 0,8364 , 0,9113 1,2601 η 93373
9,9191 0,8294 1,0336 1,2169 n 93585
9,9327 0,8208 1,1194 1,1552η 93787
9,9445 0,8120 1,1808 1,0684η 93980
9,9546 0,8044 1,2239 0,9434η 9,8164

9,9633 03993 1,2519 03471 n 9,8342
9,9711 03980 1,2664 0,3461 n 9,8512
9,9785 0,8012 1,2682 0,0903 9,8676
9,9858 0,8088 1,2572 0,6688 9,8834 μ
9,9936 0,8202- 1,2324 0,9020 9,8986

0,0023 0,8344 1,1919 10443 9,9134
0,0120 0,8499 1,1322 1,1414 9,9276
0,0228 0,8652 1,0467 1,2099 9,9414
0,0346 0,8788 0,9221 1,2574 9,9547
0,0470 0,8896 03253 ⁴ 1,2880 9,9677

0,0599 0,8968 0,3208 13038 9,9803
0,0726 0,9001 0,0779 n 1,3056 9,9925
0,0848 0,8994, 0,6484π 1,2937 0,0044

 

