156

Tabulae X. Se'ct. I. a Virginis.

1750166. 0 1312 4301 - 556 5830 1760166. 1 1312331313 -. 653 5’7,16
Apr. 10 4325 5834 Apr. 10 33321 57,49
161. 19 4341 5832 161. 19 33332 5736
066. 27 4347 58,15 oct. 27 33352 5838
Dec. 66 4345 5733 Dee. 66 33381 5834

1751 Jan. 013 12 7385 - 951 1737 1761166. 0 13 12 37310 - 9541730
Apr. 10 7376 1633 Apr. 10 ⁷· 37344 18,19
161. 19 7‚659 1634 161. 19 37386 1831

061. 27 7332 1538 oct. 27 37,136 1936
Dec. 66 7398 1536 Dec. 66 · 37,193 1933

1752166. 113 12 10348 — 9 51 3437 1762 166. 0 13 12 40312 - 954 3835
116610 , 34,15 - Apr.1o' 40374
161. 19 3339 161. 191 40,441
oct. 27 3331 oct. 27 4ο,514
Dec. 66 3240 Dec. 66 40‚593

1753 166. 0 13 12 13397 — 9 51 51‚74 1763 166. 0 13 12 43305 - 9 55 0,10
> Apr. 10 13328 51,12 Apr. 10 43‚787 033
161. 19 13353 50,48 161. 19 43372 135
oct. 27 13,472 4933 oct. 27 43360 136

, 116666 13386 49,18 066. 66 44352 237

17541166. 0 13 12 16353 - 9 52 833 1764 166. 1 13 12 47360 Γῶ 21,49

 

 

Apr. 10 16‚463 737 Apr. 10 47,253 2239
161. 19 16371 7,23 161. 19 47347
oct. 27 16375 639 oct. 27 47,441 2331
116666 16,177 537 116666 47336 2334

1755 166. 013 12 19348 - 9 52 2531 1765ἱ166.-1 ο 13 1250343 v- 9 55 4238
Apr. 10 19348 2430 Apr. 10 50338 4338
161. 19 · 19349 24,12 161. 19 50331 4335

2236

 

 

oct. 27 19350 2338 oct. 27 50322 4438
Dec. 66 18352 2337 Dec. 66 51310 44,48

1 13 12 22,123 — 9 52 42,36 1766 Jan. Ο 13 12 54,1ἓο -— 9 56 3‚46
Apr. 10 22‚026 41‚87 Apr. 10 54,206 3,82
Jul. 19 21‚933 41,44 Jul. 19 54‚288 4‚13
Oct. 27 21‚843 41‚05 Oct. 27 54‚365 4‚39
Dec. 66 21‚756 40‚71 Dec. 66 54,437 4,6o

1757 166. 0 13 12 24323 - 9 52 5934 1767 166. o 13 12 57353 - 9 56 2335
Apr. 10 24339 5933 Apr. 10 57321 2332
161. 19 24362 5938 161. 19 57383 2334
oct. 27 24391 59,19 oct. 27 57337 2430
Dec. 66 24327 5936 Dec. 66 57386 2431

1758 san. o 13 12 27386 - 9 53 1832 1768 166. 1 13 13 0310 - 9 56 43,12
Apr. 10 27326 18,13 p
Jul. 19 27375 18‚1o
oct. 27 27331 18,12
116666 27396 18,21 ,
1759 san. 0 13 12 30345 - 9 53 3730 1769 166. 0 13 13 4,166 - 957 132
Apr. 10 30315 37,43 p 4,178 1,58
161. 19 30394 3731 4,181 1,28
oct. 27 30382 3735 4,175 034
116666 30379 38,14 4,160 034

 

 

 

