Ι188

Tabulae X. Sect. V. α Ophiuchi.

 

 

 

 

 

 

 

    

 

 

 

   

 

1133οῨ166. 0'1'72} 2”269 -1-1Ξ4ί3ἔ24 1340166. 1 172736212 413464639
Apr. 10 2‚483 3323 Apr. 10 30‚889 4522
161. 19 2299 33,45 161. 19 30262 4522 -
061. 27 2219 3324 061. 27 31231 4623
116666 2241 3225 Dec. 66 31‚o96 4621
1831 san. 01727 5244 412412923 1341166. 0172733252 412404322
Apr. 10 4‚969 2925 Apr. 10 33‚915 4329
161. 19ι 4299 2925 . 161. 19 33271 4422
061. 27 4234 2323 061. 27 34222 44,1ο
116666, 4274 2325 1166 66 34266 4524
1332166. 11727 727111-12412526 1342166. 0172736229 -1-12404229
Apr. 10 7216 2429 Apr. 10 36269 , 43,16
161. 19 7,467 24,17 161. 19 36202 4326
061. 27 7,426 2320 061. 27 36223 4420
06666 7291 2223 066661 y 36247 4527
1333166. 051727 10,179 -1-12411925 1343166. 0172739219 -1-12404223
116610 10,15o 1921 Apr. 10 39232 4227
161. 19 10223 13,45 161. 19 39233 4327
061. 27 10,114 1726 061. 27 39236 44,49
1166. 66 10,103 1625 - 116666 39226 4522

 

 

 

 

 

 

13341166. 0317 27 12237 -1-12 41 1425 1344 166. 1 17 27 42203 -1-12 40 4221
Apr. 10 12237 1323 Apr. 10 42293 4224
161. 19 12294 1221 161. 19 42470 4325
061. 27 12209 1129 061. 27 42239 44,45
1166661 12231 1023 116666Ι 42201 4524

 

 

 

 
   
   
       

 

 

 

 

 

 

 

 

 

   

 

 

 

 

 

 

 

 

13351166. 0117 27 15200 -1-12 41 723 1345 san. 0 17 27 45293 -1-12 40 4126
Apr. 10 15223 7,17 Apr. 10 45,15o 4223

161. 19 15262 629 161. 19 45,100 4326

061. 27 15204 524 061. 27 45244 4425

⁴ Dec. 66 15‚851 4‚91 Dec. 66 (μί-,982 44‚80
1836Jan. 117 27 13212 ÷ 12 41 229 1346 166. 0 17 27 47231 412 40 4127
Apr. 103 13265 129 Apr. 10 47215 4229

161. 191 13222 023 161. 19 47244 4225

061. 271 13235 - 0,12 061. 27 47269 4222
Dec. 66 3 13252 40 5925 Dec. 66 47,439 4329
1337 166. 0 17 27 21206 ÷ 12 40 5627 1347 166. 017 27 50294 -1-12 40 4023
“ Apr. 10¹ 21276 56,14 Apr. 10 50212 4023
161. 19 21250 5523 161. 19 50223 4125

061. 27 21227 5523 . 061. 27 50242 4120

Dec. 66Ι 21207 5424 Dec. 66 49255 4127

1333 san. ⁰⁶1⁷ 27 24257 4 12 40 5129 1343 san. 1 17 27 52262 -1-12 40 3321
1466101 24239 5129 Apr. 10 52274 3323

161. 19 24221 51,47 61. 19 52237 3327

061. 27 24204 5122 061. 27 52201 3323

Dec. 66 24237 5124 nec. 66 52‚417 > 3322

1339 166. 0 17 27 27237 -ι- 12 40 4321 1349 166. 0 17 27 55223 -1-12 40 3526
Apr. 10 27220 43,17 Apr. 10 55‚140 35,49

Jul. 19 27202 4321 161. 19 55260 3525

061. 27 27232 4322 061. 27 54234 3423

Dec. 66 23261 4320 ,1166 66 54212 4424

 

 

 

 

 

- .,η;.*«μή.“.η” A„ -.a . 1 , ,,

