Tabulae X. sect. V. β Aquilae.

18301611. 0 19 46 67681 -1- 669 2366 18401611. 11194727684 ÷ ἕ ό 3492
Apr. 10 67,689 23,16 Ap 1· 19 27,667 36,46
Jul. 19 57‚499 2269 Jupl 19 27,747 36,03
oct. 27 67,412 22,16 oct 27 27,823 36,66
066. 66 67327 21,67 066. 66 27,896 3732

1831111111. 0 19 47 0,305 -ι- 5 59 30,30 1841 Jan. 0 19 47 30,821 -Ι- 6 O 45‚66
Apr. 10 0,223 29,68 Apr. 10 30,890 46,δό
Jul. 19 0‚146 29,Οὸ 1 ul. 19 30,953 47,Ο7
Oct. 27 ο,ο74 2833 066. 27 31,010 47,81
Dec. 66. 0,007 . 27,59 Dec. 66 31,061 48,58

1832 Jan. 1 19 47 2,979 ÷ 669 3637 13-4421166. ’019 47 33,994 ÷ 6 0 6639
Apr. 10 2,918 36,62 Apr. 10 34,041 67,66

Jul. 19 2,862 34,85 1111. 19 34 080 58 44

061. 27 2,814 34,07 061. 27 34ζ112 69ζ22
066. 66 2,773 3328 066. 66 34136, 1 ο,ο1

18331611. 019 47 6,736 -1- 559 42,08 18430611. ο’19 47 37,079 ÷ 6 1 8,32
Apr. 10 5 ,700 41,28 Apr. 10 37,098 9‚10
Jul. 19 5, ’673 40,49 Jul. 19 37,108 9,86
oet. 27 6 ,664 3972 061. 27 37,11ο 10,68
066, 66 6 643 Ι 38,96 066. 66 37,104 11,29

1834 Jan. 0¹19 47 8,696 -1- 559 47‚74 18441611. 1 19 47 40‚o57 ,1- 6 1 19‚64
Apr. 10 8,691 46‚99 Apr. 10 40,045 2ο, 33
Jul. 19 8,694 46,28 , Jul. 19 - 4ο,ο26 2ο’97

061. 27 8 606 46, 60 061. 27 39, 997 21, 67
066. 661 8 ,626 44’ 96 066. 66 39’ 960 22,13

· 1835Ξ1611.0 19 47 11,568 -Ι- 5 59 53 ,70 1845 Jan. O 19 47 42, 923 -1- 6 1 30, 53
Ἀ.οτ 10 11‚593 53, 08 , Apr. 10 42, 881 31,Οὸ
Jul. 19 11, 625 52, 51 ’ Jul. 19 42, 832 31, 50
Oct 27 11 665 ’ 52 00 Oct 27 42 776 31 90

1066. 66 11ζ712 61ζ64 < 066. 66 42’713 3223

’ 18361611. 1 194714,645 -ξ- 6 0 Ο,23 1846 Jan. 019 4745 ,685 -ι- 6 1 40,71 ‚

Apr. 10 14,697 5 59 59,81 3,
Jul. 19 14,755 59,45 .·
Oct. 27 14,819 59,15 . ’
Dec. 66 14,888 58,92 >

1837 Jan. 019 4717,814 ÷ 6 0 7,64
Apr. 10 17,886 7,36
Jul. 19 17,962 7,24
oct. 27 18,ο42 7,20
06666 18,126 7,22

18381811. Ο 19 47 21,Ο47 ÷ 6 015,76 18481811. 1 19 47 50388. -ι- 6 1 58,27
Apr. 10 21‚133 15‚83
Jul. 19 21‚219 15‚97
Oct. 27 21, 307 16,18
Dec. 66 21, 395 16,45

1839 Jan. o 19 47 24, 316 -1- 6 0 24, 91
Apr 1ο 24’, 404 26,23
Jul. 19 24, 492 26,60
061. 27 24, ’678 26,04
066. 66 24,662 26,64

 

