,¹¹ 359

A. R. med. . Decl. med.

ΜΜ

42 1810 (¹3 έ-2ῗ,8849 4 1⁹4 '73‘3‚929
42 1811 8 809625 7 55959
8 84,0402 8 15,989
3 87,1180 886,018
8 40,1959 8 56,047
3 43‚2738 9 16,076
8468519 986105
3 49,4801 9 56,184
3 52,5084 10 16,168
3 10 36‚191
3 10 56220
11 16,248
11 86276
11 ,56804
‚ 1216,333
4 14,ο590 12 86869
4 17,1881 12 56888
420,2172 18 16,415
, , 4282965 18 86,448
Jun. 9 41,007 481,5 4 268758 18 56,470
19 41827 4922 , 4 29,4552 14 16,497

29 41,650 432,0

Jul. 9 41,966 4309

19 4236ss 429,2 410,12 421,7 -2
29 42549 426,7 412,28 421,4 -2

Aug. 8 428οῗ 4ξὲ 4ὲὲξὲ ᾖξ’),ἓ I} ante ἓ Mart· 21 ζ
{g ssgjgffu ss16,4 ss18223 417ζ7 ‘³⁰³‘

sept. 7 48848 4125 41991 415,8
17 48454 4 8,8 421,89 418,7
27 43,523 4 5,1 422,65 411,5 41

οοι. 7 48556 4 1,7 4286814 9
17 48,557 - 1,4 42439.

’10 -οζ265 -1113
20 -0,872 -10,2
ἓ
9

30 -0‚469 — 9,
Febr. 9

14444

mart-¹ —09648 -“ 29⁰ “““ 1997 -’
11 -Ο,652 4 1‚4 - 2,76 —
21 -o‚621 4 5,1 -< 8,37 -
31 —0‚55o 4 9,2 - 8,75

’44 44444

2
9

&0151oe

5

Νωὸθμ μΟΟΙ-ὶδθ &massaum

2

Apr. 10 -o‚438 4133 - 8,85
20 -ο,284 417,4 - 8,65
⁸ 30 -0,090 421,8 - 8,1

2
9

μ
mm oeoevmm ῥοοωῆ ὴῶἣῦἃ

μμ μφρωο

μμ

27 ÷3‚599 - 4,0 428081
Nov. 6 48477 - 6,2 42944

16 48405 - 8,0 425591

26 48818 - 9,8 425,54[
Dec. 6 ÷3,219 -10,4 ÷25‚29 —

44444 44 4

16 43,110 -11‚1 424486 — 5‚2 44 41
26 42,998 -11‚4 424525 - 6,8 44 42
36 42,883 -11‚5 423,50 - 8,3 44 42

111 mensa. Jan. et Febr. annorum bissextorum legitur> dies insequens.

 

