174

Tabulae X. sect. Ι. α Lyrae.

1750 166. 0 1828211279 -1-38 3’3 5”6,71 1760 san. 1 18 28 48243 -1-38 34 2320
Apr. 10 29294 5723 Apr. 10 48245 2329
161. 19 29204 5825 161. 19 48253 2221
oct. 27 29208 59,17 061. 27 48266 2126
26666 29206 5928 266. 66 48285 2024

1751166. 018 28 31236 -1-38 34 247 1761 san. 018 28 50207 438 342326
Apr. 10 31230 327 Apr. 10 50230 23,16

, Jul. 19 31218 424 161. 19 50257 2251
Oct. 27 31201 428 061. 27 50289 2121
266. 66 31278 5,49 266. 66 50,426 2125

1752 san. 1 18 28 33215 1-38 34 822 1762 san. 0 18 28 52442 -1-38 34 2422
Apr. 10 33288 820 Apr. 10 52482 2320
161. 19 33257 923 161. 19 52225 2325
oct. 27 33220 921 06627 52572 2296
266. 66 32179 1ο,43 266. 66 52623 2263

1753 Jan. O 18 28 35,222 438 34 13,03 1763 11111. Ο 18 28 54,634 438 34 2553
Apr. 10 35,177 13,51 Apr. 10 54‚687 2525
Jul. 19 ⁴ 35‚129 18,92 Jul. 19 54,742 25,08
Oct. 27 35,o77 1426 Oct. 27 54,799 24,89
Dec. 66 35,021 14,54 Dec. 66 54‚858 24,82

1754 166. 0 18 28 37269 -1-38 34 1722 1764 san. 1 18 28 56267 -1-38 34 2724
Apr. 10 37211 17,45 Apr. 10 56227 2722
Jul. 19 36252 1729 161. 19 56‚987 2727
Oct. 27 36290 1726 061. 27 57247 2720
266. 66 36227 1725 266. 66 67‚108 2729

1755 166. 0 18 28 38277 -1-38 34 20,43 1765 san. 0 18 28 59,117 -1-38 34 3ο,72
Apr. 10 38213 2026
› Jul. 19 38250 2022
066. 27 38287 2020
26666 38224 1921

1756166. 1 18 28 40274 -1-38 342259 1766166. 01829 1261 -1-38 343425 1
Apr. 10 40211 « 2225 *Apr. 10 1,417 - 3523
161. 19 40‚551 2124 Jul. 19 1‚469 35,77

Oct. 27 4Ο,494 21,δό Oct. 27 1,518 36,δὸ
Dec. 66 4o,439 2Ο,82 Dec. 66 1‚564 37,oe

Apr. 10 42433 2820 116210 , 3222 4026 ί
Jul. 19 42383 2257 161. 19 3261 4027

Oct. 27 42338 2129 Δ06627 3296 4122
266. 66 42297 21,17 266. 66 3226 4250

1758166. 0182844239 -1-38 34 2420 1768 san. 1 18-29 5,745 -1-38 3464524 ²
116610 44201 23,45 116310 v 5,772 4524
161. 19 44269 2268 Jul. 19 5‚794 4624 r
06627 44242 2129 06627 . 5211 47,46«;
266. 66 44220 2127 - 266. 66 5222 4828 ²

1759 Jan. O 18 28 46,254 438 34 24,13 1769 Jan. 0¹18 29 7,848 -1-38 34 5o‚82 ξ
Apr. 10 46,236 Apr.10 7‚855 51,65
Jul. 19 4632ss Jul. 19 7‚856 52,46 ¹
Oct. 27 46,216 001627 7,852 . 5336 ,,
Dec.66 46,214 Dec. 66 7‚842 ’ 54,04

insum. 0 18 28 42486 -1-38 34 2328 17671166. 0 18 29 . 3278 438 34 3929 ³

 

