306

    

Tabulae X. sect. ΪΠ. α Leonis.

     
                 
             
 
            
           
       
           
          
        
      
         
        
      

 

 

 

 

 

 

 

 

 

 

 

   
            
    

 

    

 

 

       
     

 

    

 

 

        

    
    
  

  
  

  
  
  
   

  

 

 

          

 

      

 

 

 

   

    

               
         
      

 

 

 

        

  

     

          

   

1790 Jan. o 357'1‘1033 ÷13259ffl44 1800 san. ..0ι ζ’)57’ 4’1,915 1‘32 56 2621
“ Apr. 10 1o‚953 4,52 Apu& 46005 2697
Jul. 19 1o‚869 4,66 sul. 19 46098 2667
oct. 27 10,779 4,86 06627 46192 2632 >
96666 16685 613 96666 46289 ,2692 ,
1791 Jan. 0 95716925 -ι-12 58 47,80 1801 Jan. 0 957 46464 ...1256 7,79
Apr. 10 16828 4611 Apr. 10 45,562 7,36
sul. 19 16729 ’,4647 Jul. 19 46659 689
066. 27 16628 4688 oct. 27 46756 638
96666 16526 4635 96666 46852 3³22·
1792Jan. 1 95716769 4125843695 1802 Jan. o 95749‚o27 1255 4., ’5³³
a Apr.10 16‚666 3245 Apr.10 49‚122 48‚18
sul. 19 16564 3699 sul. 19 46214 4658
oct. 27 16464 3656 oct. 27 46303 46,96
96666 16366 34,18 96666 46388 4632
17931211. 0 95719,607 ÷125816‚72 180 Jan. o 957 56567 412 55 29,27
Apr. 10 19,511 · 17,36 Apr. 10 56649 2662
Jul. 19 19,419 18,ο1 1111. 19 5 ,726 27,96
066. 27 16332 1668 066. 27 52797 27‚30
96666 19,25ο 1637 96666 56862 26,63
1794566. 0 95726485 -ι-12 58 1,89 1804 san. 1 95756048 -1-1255 9,,ἔ
Apr. 10 26407 658 Apr. 10 56109 691
Jul. 19 26336 626 Jul. 19 56162 626
066 27 22,272 694 Oct. 27 56307 753·-
96666 22,216 4,62 , 96666 56245 7,οι
1795 Jan. o 95726442 412574614 1805 Jan. 0 957 56441 412544694
Apr. 10 47‚80 Apr. 10 59,473 49‚33
48‚44 Jul. 19 59‚496 4676
4605 066. 27 56510 4622
49,64 96666 56516 , η 4672
1796 Jan. 1 95726507 -ι-12 57 3620 1806 san. 0 958 6722 -ι-125430,61“>
Apr. 10 26488 3676 Apr. 10 6722 361,
Jul. 19 26479 3627 Jul. 19 6712 26Ξ61
oct. 27 26479 3675 oct. 27 6693 29, 4
966. 661 26489 3618 96666 6665 Ι 29,οι
‘ 1797 Jan. 0 95736693 -ι-12 571679 1807 Jan. 0 958 68821412541684
Apr. 10 31,709 17,18 Apr. 10 5‚848 11,55
Jul. 19 31,733 17,52 Jul. 19 6806 11,32
oct. 27 31,766 17,81 oct. 27 6755 11,16
96666 31,808 1604 96666 6696
17981566. o 95736001 -ι-1257 0,71 1808 Jan. 1 958 6923 41253 5680
Apr. 10 35,048 o,91 Apr. 10 6859 567
Jul. 19 36102 1,04 Jul. 19 6788 5674
oct. 27 36164 1,11 · 06627 6711 5681
96666 36233 1,12 , 96666 6627 5694
1799 san. 0 95786417 -ι-12 564686 1806566. 0 95816862 -1-12533660
Apr. 10 36490 4683 Apr. 10 16774 8678
Jul. 19 36567 4675 Jul. 19 11‚683 37,01
066. 27 36650 4660 oct. 27 11,588 3631
96666 36738 - 4639 96666 16489 3766

 

 

 

 

