176

Tabulae X. Sect. I. γ Aquilae.

-ι- ‘1²0 '12'4‚21
95,00
95,77

1934193156
93,174
93183

175o'Jan. O
Apr. 10
Jul. 19
Oct. 27 23,185 26,52
Qec. 66 23,178 27,24

1751 Jan. ο 19 34 96,037 -ι- 10 135,ο3
Apr. 1o 96,095 35,74
Jul. 19 96,οο5 36,4ο
Oct. 97 95977 37,09
Dec. 66 95,941 37,60

1752 Jan. 1 19 34 28,81Ο -1- 10 1 45‚44
Apr. 10 28,768 45,98
Jul. 19 28,720 46,46
Oct. 27 28,665 46,87
Dec. 66 28,6Ο4 47,23

4- 10 1 55,15

1753 Jan. O 19 34 31,481

Apr. 10
suh 19
oct. 97 31,968
{Dea 66 31,188

1754 J an. 0 19 34 34,071
Apr. 10 33,988
Jul. 19 33,9Ο3 3,95
Oct. 27 33,816 3,84
Dec. 66 33,726 3,65

Jan. O 19 34 36,611 -ι- 10 2 11,76
Apr. 10 36,521 11,52
Jul. 19 36‚431 11,21
Oct. 27 36,342 1Ο,83
Dec. 66 36,254

1756 Jan. 1 19 34 39,139 -ι- 10 2 18,58
Apr. 10 39,052 18‚o9
Jul. 19 38‚969 17‚55
Oct. 27 38,889
Dec. 66 38,813 16,31

1757 Jan. o 19 34 41,694 -ι- 1ο 9 94,58
Apr. 10 41,691 93,90
Jul. 19 41,554 93,19
Oct. 97 41,493 99,45
Dec. 66 41,438 91,68

1758 Jan. Ο 19 34 44,311 -4- 10 229,99
Apr. 10 44,261 29,20
Jul. 19 4421ss 28,41
Oct. 27 44,182 27,61
Dec· 66 44‚154 26,81

1759 Jan. 0 19 34 47‚o18 -ι- 10 2 35,14
Ξὲῑὲἓῗ
46‚974
46‚976

31,415
31‚344 55‚69
55,85

55,94

-ι- 10 2 3,96
3,99

1755

Apr. 10
Jul. 19
oct. 27
Dec. 66

3434
33,56
39,80
39,05

55‚46 ·

10‚38 ·

16,96Ι

4- i’o 94635
39,63 -
38,95

19 ’34 49330
49,837
49,859
49875 3831
49905 37,71

Dec. 66
19 34 52,749 -1- 10 2 45,96
52,784 45‚40
52,826 44,89
52,875 44,44

1761 Jan. 0
Apr. 10
Jul. 19
Oct. 27
Dec. 66 52‚930 4494
1762 Jan. 0 19 34 55,766 -ι- 10 2 52,23 “
Apr. 10 55‚825 51‚88
Jul. 19 55‚889 51‚59
Oct. 27 55,958 51,37
Dec. 66 56,Ο32 51,22

1763 Jan. 0 19 34 58,862 ,Ι- 10 2 59,33
Apr. 10 58‚939 v 59,ae
Jul. 19. 59,017 59‚19
Oct. 27 59,099 59,23
Dec. 66 ·59‚183 ‚ 59,34

1764 '1⁸¹¹‘ &lm 35 9,01ο ÷ 10 3 7,37
1⁸.

1760 Jan. 1
Apr. 10
Jul. 19
Oct. 27

p 9,ο95 7,59
Jul. 19

7,74
oct. 97 8,ο3
Dec. 66

Jan. 0

9,180
9,965
9,351

19 35 5,178
5,969
5,346

8,38

-ι- 10 3 16,34
16,73
17,18
17,68
18,95 ,

4- 10 3'26‚14

1765
Apr. 10
Jul. 19
Oct. 27 5,227
Dec. 66 5‚5o5

WW

J an. Ο -
Apr, 10 8,41ο
8,482

Jul. 19
Oct. 27 8,549 .
8,611

Dec. 66
1767 Jan. 0 19 35 11,446
Apr. 10 11,505
Jul. 19 11‚558
11‚604 38,87
11,643 39,66

Oct. 27
Dec. 66
1768 Jan. 1 19 85 14,486 -1- 10 3 47,48
Apr. 10 14‚521
Jul. 19 ’ 14,548 49,06
14,568 49,ὃό
14,580 50,68

Oct. 27

Dec. 66

Jan. 0 19 35 17,432 -Ι-· 10 3 58,46
17,439 59,23
17,437 59,97 ’

Apr. 10
Jul. 19
17,427 4 0,67

Oct. 27
Dec. 66

-t- 10 3-36,61
3734
38,ο9

1769

17,409 1,35 ¹

 

