236

Tabulae X. Soet. ΙΙ. α Bootis.

t

1770 166. 0 1²²4 5'1‘i‚506 4213281437 1780 san. 1 1²¹4 53”7,258 4232011106
Apr. 10 11,462 14,95 Aps 10 37,82ο 9,41
161. 19 11,412 1355 37,387 376
oct. 27 11355 1318 37,458 310
Dec. 66 1 1,291 16,84 37,534 7‚43

1771 Jan. 0 14 5 14‚o45 ÷202257‚5o 1781 san. 0 14 543240 420 19 4356
A r. 10 13977 5317 Apr 10 43319 4388
111. 19 713905 5385 43400 47,22
oct. 27 13828 5354 43483 4357
06366 13746 23 0,23 43568 4394

1772 Jan. 1 14 5 16‚505 ÷20 22 4Ο,89 1782 11111. Ο 14 5 43,271 -1-20 19 27,06
Apr. 10 13421 4358 Apr. 10 43357 2344
1111. 19 16‚335 42,25 Jul. 19 43,443 25,84
oct. 27 13247 4391 061. 27 43529 2328
Dec. 66 16‚156 43‚56 Dec. 66 43,614 24,74

1773 Jan. Ο 14 5 18,918 -1-20 22 24,23 1783 Jan. Ο 14 5 46,318 -1-20 19 5,82
’ Apr. 10 18,827 24,86 Apr. 10 46,403 5,31
1111. 19 18,737 25,45 1111. 19 46‚485 4,85

oct. 27 13648 25,οο oct. 27 ιο 43564 4,,43 ’

Dec. 66 13561 2352 Dec. 66 43641 4,05

1774 Jan. Ο 14 5 21,321 -ι-20 22 7,24 1784 Jan. 1 14 5 49‚347 -1-20 18 45,Οὸ
Apr. 10 21,235 7‚73 Apr. 10 49,421 44,74
Jul. 19 21‚152 8,16 Jul. 19 49‚491 44‚45
Oct. 27 21,Ο74 8‚54 Oet. 27 49,556 44,21
Dec. 66 20‚999 8,87 Dec. 66 49,616 44,Οὸ

1775 san. 0 14 523755 ÷202149‚66 1785 166. o 14 553829 -1-20 18 2300
Apr. 10 23683 4395 Apr. 10 53385 2386
Jul. 19 23618 5317 161. 19 53434 24,78
oct. 27 23558 5334 oct. 27 53477 , 24,76
Dec. 66 23505 5344 06366 53514 24,80

1776 166. 1 14 523254 -1-20213130 1786166. 0 14 553234 42018 370
, Apr. 10 23205 3336 Apr. 10 53266 378

161. 19 23164 31,35 Jul. 19 53290 392
53306 312
53315 338

oct.. 27 26,131 31,28 Oct. 27
Dec. 66 26,106 31‚15 Dec. 66

1777 san. o 14 5 23845 -1-20 21 1310 1787 san. 0 14 553045 -1-20 17 47,21
Ἀρι. 10 Apr. 10 53048 47,51
161. 19 161. 19 53043 47,86

Oct. 27 Oct. 27 58,o3o 4826
Dec. 66 Dec. 66 1 58‚oo9 4852

17781311. O 14 531‚545 -1-2020 52,Ο4 17881811. 1 14 6 0‚748 4201729‚48
Apr. 10 31,555 51,66 Apr. 10 0‚722 29,97
1111. 19 31,573 51,24 Jul. 19 0,688 30‚49
oct. 27 31,599 50‚76 Oct. 27 0,647 31‚06
Dec. 66 31‚633 50,ae Dec. 66 0‚598 31,66

17791811.ι Ο 14 534,353 -1-20 20 31,31 1789 Jan. 0 14 6 &347 ÷20 17 12,Βὸ
Apr. lO 34,392 30,76 Apr. 10 3,293 13,00
1111. 19 34,437 30,19 Jul. 19 3,233 13,64
Oct. 27 34,488 29,58 Oct. 27 3,168 14,31 ,
Dec. 66 34‚546 28,95 Dec. 66 3‚096 14‚99

 

