346 χ c·

Tabulae X. Seot. III. α Piscis austrini.

1790’.Ῐειιι. Ο 22 46 1,362 -30 43 46, 46 1800’.Ῐιιιι. (ἐὶ22 46 33, 924 -30 40 50, 87

pr. 10 1, 266 46, 70 Apr. 1 34 ,026 50, 50
Jupl. ὲ9 1,166 46, 99 Jul. 19 34,129 50, 09
Oct. 1, 062 47, 33 Oct. 27 34, 233 49,64
Dec. 66 0,955 47,73 Deam? 34, 338 ι 49,15, ,

1791 san. 0 99 46 4,339 -30 43 98,80 1801 san. οἔ99 46 37, 649 -80 40 3051
Apr. 10 4,230 9999 Apr. 10 , 37,753 ,30,00
Jul. 19 4,199 99,69 Jul. 19 37 ,855 99, 46
Oct. 27 4,013 30,90 ., 061. 97 37, 955 98, ’89
1086. 66 3,904 30,76 1 ,, ’ . 38, ’059 98, ’30

1792 Jan. 1 22 46 7,288 -30 43 11,77 1802 Jan. 0 22 46 41, 365 Ι-30 40 9, 69
Apr. 10 7‚180 12,34
sul. 19 7,Ο76 12,94
Oct. 27 6,975 13,56
Dec. 66 6,878 14,20

1793 san. 0 99 46 10,957 -30 49 55,19 1803 san. o 22 46 45 ,034
Api. 10 10,168 55‚84 Apr. 10 ,j 45, 110
sul. 19 10‚075, 56,49 Jul. 19 45,178
oct. 97 9,994 57,14 oct„ 97 45’ 989
Dec. 66 9, 990 57, 79 ,0366 45, ’993

1794 Jan 0 22 46 13, 291 -30 42 38, 77 ;
Apr. 10 13, 222 89, 42
Jul. 19 13, 162 40, 04
Oct. 27 13,111 40,65
{Dea 66 13,068 41,24

1795 Jan. 022 46 16498 -30 4999,95 ιιιιι. 0994659099 -30 39 6,79 ,-
Apr. 10 16,392 99,81 Αρι. 10 59,114 6,94
Ju1. 19 16,866 23‚84 Jul. 19 59,190 5‚80
001. 27 16,350 9383 59,116 , 5,40 .
Dec. 66 16,343 9498 ’· 0εοῖ 66 59,109 5,05

1796 Jan. 1 22 46 19,691 -30 42 5,34 1806Ι Jan. 0 2246 65 ,452 -30 38 46,35
Apr. 10 19,691 5,76 Apr. 10 55, 432 46,03
Jul. 19 19,701 6,13 Ju1.19 55, 402 45,76
oct. 27 19,721 6,45 Oct. 27 ’ 55, 363 45, 55
Dec. 66 19,751 6,72 ' Dec. 66 55, 314 ’45 ,40

1797 Jan. 0“99 46 93087 -30 41 47,83 1807 san 0199 46 58, 676 -80 38 96, 63
Apr. 10 93198 48,07 Αρι. 10 58, ’691 - 96, 51
Jul. 19 93,167 48,94 ,ιιιι 19 58, ’559 26’ 45
001. 97 93991 48,36 001. 27 58, ’488 26’ 46
Ι086. 66 23,283 48,42 Dec. 66 58, ’410 96,59

1798 Jan. 0 99 46 96,607 -30 41 99,61 1808 san. . 1 99 47 ”1,781 -30 38 7,68
Apr. 10 96674 99,63Ἰ Apr. 10 1,698
Jul. 19 96,748 99,60 Ju1.19 1, 609
Oct. 27 26‚828 29,51 001. 97 1,515
Dec. 66 96914, 99,36 Dec. 66 1, ’416

1799 ιιιιι. 0¹22 46 30,930 -30 41 1ο,61 1809 san. ο 99 47 4, 793 -30 37 49, 59
Apr. 10 30390 10,43 Apr. 10 4, 691 49, 84
Jul. 19 30,414 10,19 sul. 19 4, 586 5οζ 91
oct. 97 30,511 9,90 001. 97 4,479 50,69
Dec. 66 30,619 9,56 Dec. 66 4,370 51,oe

 

