233

Tabulae X. Sect. Π. β Virginis.

A. R. med. Decl. med.
m *w

san. 0 46, 358 438, 5 - 8”, 60 -80, 8 -3 48 1770 1’1” 38 48’, 8917 4- ἓ 336, 849
1οᾐ4-0’ 669 430, 6 - 4’ 68- 19 4 -3 48 1771 38 46, 0164 3 16, 576

80 40, 963 487, 8 - 6, 48- 17, 5 -3 48 1778 38 49,1411 8 56803
soh-1, 884 484, 3 - 8,18- 15, 8 -8 41 1773 38 588658 8 36 ,030
Febr 9 41, 448 4808 - 9,51 -18,6 -8 41 1774 38 55‚39o5 8 15 ’756
1775 38 588153 1 55’ ,488

19 41889 416,0 -10,63 - 98 -1 41 1776 39 1,6400 1 35’ ,808
Mart. 1 41, 767 411, 7 -11 ,46 - 6, 9 -1 o '1777 39 4,7647 1 14’ 933
11 41, 868 4 7, 5 -,18 ’01 - 4‚3 o 0 1778 39 7,8894 ο54,658

81 41, 916 4 3’ 6 -18’ 38 - 1, 9 0 -1 1779 39 11‚0141 034,383

31 41, 93414- 0, 8 -,18 39 4- οζ<“ 3 4-1 -1 1780 39 14,1387 0 14,1o8
1781 39 17,2634 8 59 53838

p , 4-1, 980- 8, 8 -,18 87 4 8, 0 41- 1 1788 39 80,3881 59 33856
4,1 879- 5,1 -11, 99 8- 1 1783 39 23,5138 59 13,879

, 3οἱ41, 819 - 6, 8 -11, ’5 -8 1784 39 868375 58 53,οο8
Maj. 10 41, 744 - 8,1-,11’0 -8 1785 39 89,7680 58 38,784
80 4-1, 657 - 9, 0 -10’ -8 1786 39 388867 58 18846

1787 39 368113 57 58,168

-8 1788 39 39,1359· 5731890
.-8 1789 39 488606 57 11,611
1790 39 458858 56 51833

9
9

30 -4-1, 565 - 9, 4
Jun. 95÷1,470- 9,5
19.÷1,376 — 9,3
29¹÷1,284 - 8,9
Jul. 9 ÷1,198 - 8,8

7

19 -1-1, 120 - 7,3
A„ 11131 ,τ 33
⁷ 18¹ -1-0,962 -- 2‚6
28 4-0, 947 - Ο,3

Sept. 7 ÷0,956 4 24
17 -ὶ-Ο,995 4- 5,6
27 41,067 4- 9,1
Oct. 7 -1-1,176 ÷12,9
17 ÷1,324 416,8

Ο

5
9
3
5
6 Diei reducto addendum est:

ante

Post ἓ Sept. 16 ἲ

1÷÷÷÷ ÷÷÷÷÷ ÷÷÷÷

ΙΙΙΙΙ
ΙΙΙΙ

0001- &fib-⁴³³³& 129th

1
,3
,1
Ο
1

ΘΟ1 11111 33333 333÷

2
‚
'4
9

68 -1
70-11,5 -1 41

4
4
3
3
4
9
9
6
3
1
3
2
1
2

3,
4,
5,
5,
6,
6,
6,
5
5
4
3,
2,
1
Ο,
1,
4,
6,
8,

4
5
3
8
9,1
9,1
8, Ο
8, ,7
7, ,3
7 ,7
6 8
6 8
6 ,5
6 1
6 9
6, 0
6, 4
7, 9
8,

ΙΙΙΙΙ

87 41,512 420] - 9,97 -14,o -2 41
Nov. 61-4-1,738 4244 —11‚49 -16,4 -2 ÷1
16 4-2,00014-8’7,8 -13,24 -18,4 -3ι42
26--1-2,293 430,4 -15,17 -20,1 -3 ÷2
Dec. 6·÷2,608¹÷32,3 -17‚25 -21,2 -3 ÷2

16‚÷2‚938.÷33,2 -19,40 -81,5 -3 48

86438784330 -81,55 -818 -3 48
,πὶ-1389814318 -83,65 -80,4 -3 48

In meum. Jan. et Febr. annorum bissextorum legitur dies insequens.

 

 

 

