Tabulae X. sect. III.

1790 Jan. 0 1¹1z 88 2ὅ, 849
Apr. 10 2ο’ 768
Jul. 19 ἔξ4
Oct. 27 88,17
Dec. 66 20, 501 38, 68

1791 Jan. Ο 11 38 23, 602 -1-15 44 18,45
Apr. 10 23,506
Jul. 19 23‚409 1953
Oct. 27 23,31’1 19,11
Dec. 66 23,212 20,72

1792 Jan. 1 11 38 26,314 -1-15 44 o,44
Apr. 10 26,215 1,06
Jul. 19 26,117 1,69
Oct. 27 26,022 2,32
Dec. 66 25,928 2,95

.ι-15 4'4 36', 88
37,2
37, ’·7

T793 Jan. 0 11 88 29,028 ÷ 15 43 42,67 ⁴

Apr. 10
Jul. 19
Oct. 27

28,937
28,85ἑ1
28,770
Dec. 66 28,698

1794'Jan. 011 38 31, 787
Apr.1o 81 ’714
Jul. 19 81, 6,49
0662 8 591
81,541

4880
4891
44,51
45,09

-ι-15 48 24,88
25,40

ζ26,42

Dec. 66 26,88

1795 san. o 11 38 84,626 -ι-15 48 6, 65
Apr. 10 84581
Jul. 19 84,545
oct. 27 34,518 ’
Dec. 66 84,499 ,

1796 Jan. 1 11 38 37,573 ÷15 42 47,98
Apr. 10 87,560
Jul. 19 37,556
Oct. 27 37,561
Dec. 66 37, 576 48, 61

Jan. 0 11 38 40, 639 ÷15 42 28, 51
- Apr. 10 40, 659 28, 56
Ju1.19 4οζ688 28, ”55
oct. 27 4ο,724 28, 48
Dec. 66 4ο,769 28,86

17984156. 01188 48,822 ÷15 42 8,88
Apr. 10 43‚872 8,17
Jul. 19 43,929 7,97
Qct. 27 48992 7,71
Dec. 66 44,062 7,40

1799¹Jan. o 11 38 47,1ο7 -ι-15 41 47,48
Apr. 10 47,181 47,ο9
Jul. 19 47,259 4670
Oct. 27 47,841 46,28
Dec. 66 47,428

48,38

,, ἐξ 10
Ju1.19

. Oct.27
Dec. 66

1897Ι

ᾖ 1802 san. o 11 38 ’57288 -ι-15 40 41,68
,8883 3 3
oct. 27 , ,
Dec. 66 ‚ 9
· · 9 2
P · 9 9
’ ,’
2 2

47,18
48,52 ,

45,82 ,

β Leonis.
Ι

,J . 0’11 38 50, 467
50, 556
50,647

’1800 415 4'1 25 ,90
25, 41

’ 24, 9ο
5ο,74ο 24,86

50, 834 23, 80

1801 Jan. O 11 38 53, 871 415 41 3 92
p .

53, 966
54, 060
54, '153
54,245

2,16
1,56

25,92 ζ

1805 Jan. Ο 11 39 7,222

÷ 15 39 85,78
85,40’
85,18
84,90
84,78

÷ 15 89 14, 70
14, 56
14,48·
14, 46
14,49

÷15 38 54,39
54,46
54,59
54,78
55,02

4- 15 38 84,85
85,12
85,45

· 7,248
7,266
7,275
7,276

1806 Jan. 0 11 39 10,345
Apr. 10 10,339
Jul. 19 1ο,325
Oct. 27 . 1ο,302
Dec. 66 1ο,27ο

1807 Jan. O 11 39 13,35o
Apr. 10 13‚313

Jul. 19 13,267

, , Oct. 27 13,213

” Dec. 66 . 13,152

1808 san. 1 11 3916‚242
Apr. 10 16‚176
Jul. 19 16,1o4 .
06627 16,ο26 85,82
Dec. 66 15,942 86,25

1809 Jan. o 11 39 19,038 1.,- 15 88 16,ο2
Apr. 10 18,951
Jul. 19 18,860
oct. 27 18,767
Dec. 66 18,67ο

 

8, 84 3
2,76

