⁵⁰5

Tabulae X. sect. V. a Aquarii.

         
       
   
           
             
             
       
    

1840 1840 ‘⁷⁸2 1⁰

annor.
Μ Μ Μ

Α. R. med! Decl. med.
Μ *m

    
   
    

san. 0-62835 - 5,3 - ἰ’,27- 7,8 42 41 1830 2’ἰ 5’7 29993 - i’ 8'33410

10 -o,877 - 29 - 205 - 7,6 42 41 1831 57 6,ο828 8 16,190

20 -ο,892- ο,2 - 279 - 7,1 42 41 1832 57 21663 752969

30 42881 4 25 - 3,46 - 6,2 41 41 1833 57122497 742745
Febr.9 ÷o,842 4 5,4 - 4,03 - 4,9 o ÷1 1834 57 15,3331 724,518
1835 57 124164 7 7290

19 -0,774 4 8,3 - 4,44- 3,2 0 0 1836
Mart. 1 —o,676 411,4 - 4,67 - 1,1 -1 0 1837
11 -ο,546 414,6 - 4,66 4 1,3 -1 0 1838

57 21,4997 6 5ορ059
57 245830 6 32826
57 27,6662 6 15,591

21 -0,385 417,7 — 4,41 4 3,9 -2 0 1839 57 327494 5 52353
31 -ο,193 420,7 - 3,88 4 6,7 42 o 184 57 328325 541,113
, · 1841 57 36,9156 522871
Apr. 10 40,029 4226 - 3,08 4 9,4 -2 -1 1842 57 329986 5 6,627
20 40,278 426,1 4 2014120 -3 -1 1843 57 43,ο816 442380
30 4ο,551 4223 - 0‚69 414,3 -3 -1 1844 57 46,1646 432131
Maj. 10 40,843 ÷29‚9 4- 0,85 416,3 -3 -1 1845 57 49,2475 4 14,88ο
20 41,148 430,8 4 256 417,8 -3 -1 1846 57 523304 3 57,626

1847 57 55,4132 340,371

3041,459 431,0 4 4,41418,9 -3 -1 1848 57 584960 322112
Jun. 941,768 43ο,5 4 6,33 4124 -3 -1 1849 58 1,5787 3 5,852
19 42068 4222 4 228 419,3 -3 0 1850 58 4,6614 242590

29 42351 427,1 4-10,19 418,8 -2 0
sul. 9 42610 424,3 41203 417,8 42 0

        
     
           
     
    

  

19 42,837 420,9 ÷13,74 416‚3 -2 0 Diei reducto addendum est:
29 43,027 417,Ο 415,29 414,6 -1 41 .

128 1333 :2 1} } m ς 1
28 42344 4 4ζο 418ζ73 4 8ζ2 0 42 ‘³⁰⁵‘ '⁴'

Sept. 7.÷3‚363 — 0‚1 419,44 4 6,0 0 42
17 452342- 3,9 419,92 4 1 42
27 43,285- 7,2 420,21 4- 1 43
Oct. 7 43,199 - 9,8 420,30 4 2 43
17 43,090 -11,7 420,23 - 2 43

   
   

9

3‚9
1 9
0‚1
1‚5
27 42966 -128 420,00 - 3,0
Nov. 6 42834 4132 419,64 - 4,

5,

16 42702 -129 41216 -

2 3 43
26 42576 -12,0 418,59 - 6}
4

344
344
344

4444ᾨ 4444
ἓξ

Dec. 6 ÷2‚462 -10,6 ÷17,93 -— 6,

16 42364 - 8,9 41721 - 7, 42 44
26 42285 - 6,8 416,45 - 7,7 42 44
36 42229 - 4,4 415,67- 7,8 42 43

 
   

In mensa. Jan. et Febr. annorum bissextorum legitur dies insequens.

