177

Tabulae X. sect. Ι. γἈΨιίῐαε.

l 7 6 0 l 7 6 0 vm· 1⁰ A. R. med. veel. med,

annor‘
Μ Μ Μ Μ Μ

όζο6 -17,2 41 41 1750 1¹9 3'4 2322292 4 13 ’12”3,138
1‚68 -17‚4 0 41 1751 34 25,0847 1 31,163
3,41 -16,9 0 41 1752 34 27,9402 139,192
30 -0,974 415, 5,ο5 -15,7 -1 41 1753 34 307957 147225
Febr.9 -o,801 418,6 - 6,55 -13,8 -1 41 1754 34 336512 155,260
1755 34 36,5067 2 3,3οο
19 -ο,6ο2 4212 - 7‚81 -11,2 -2 41 1756 34393622 2 11,344
Mart. 1 -0‚377 ÷23‚4 - 8,79- 3,1 -2 41 1757 34 422177 219,392
11 -0,135 4253 - 9‚43— 4‚6 -2 41 1758 · 34 450732 227,443
21 40,126 426,9 4 34 47,9286 2 35,498
.31 ÷0‚402 ÷28‚1 -— 9‚58 -ι- 3,2 -3 o 1760 34 5ο,7340 243,557
1761 34 536395 2 51,620
Apr· 10 ÷0‚⁷88 ÷28‚9 — 9‚07 4 7,0 -3 0 1762 34 56,4949 259,686
20 40,980 429,3 - 8,19 41ο,5 -3 0 1763 34 593503 3 7,756
30 41,273 429,1 — 6‚97 413,7 -3 0 1764 35 2,·2056 3 15,630
3231133333 -33133 -3 333 3 333 3333
a ² - 2 2 ·- 9 ⁹

1767 35 10,7718 3 40,075
30 42102 425,1 - 1,78 419,9 -2 41 1768 35 13,6272¹ 3 48,164
Jun. 9 ÷2‚342. 4226 4 0,26 42ο,7 -1 41 1769 35 164827 3 56257
19 42554 419,6 4. 2,36 421,0 -1 4-1 1770 35 193381 4 4,353

29 42,733 416,Ο 4 4‚45 420,7 -1 41

Jul. 9 42,873 411,9 4 6,49 419,8 o 41

1ο -1,223 4 9,1
20 -1,115 412,ξ

Jan. ο-1”,2964 553 4

19 42971 4 7,7 4 8,41 4135 0 41 Diei reducto addendum est:
39 ÷3‚026 4 3,3 410,19 416,9 , ο 42

Aug. 8 439ng ἐξ ἶῗὲἥξ 4ῗὲἐ 4} ÷{ ante ξ 18η. ss ἔ (l)
{g &2339 - 9ζ2 414ζ34 410ζό ss2 ss2' 9⁰⁸⁶ '⁸‘

Sept. 7 42,819 -12,4 415,26 4 8‚o 42 43
17 42,681 —14‚9 415,94 4 5,6 42 43
27 42,521-16,6 416,37 4 3,Ο 42 43
Oct. 7 ÷2‚349 -17,4 ,41654 4 Ο,4 43 43
17 42,174 -17‚2 ÷16‚45 -- 2,2 43 44 v

27 42,005 -16,2 416,11 - 4,7 48 44
Nov. 6 41,851’ -14‚3 415,51 - 7‚3 42 44
16 41,720 —11‚6 414,66 - 9,7 42 44
26 41,619 - 8,4 413,58 -11,9 42 44
Dec. 6 ÷1‚553 — 4,ss 412,29 -13,9 42 45

,16 41,524.- 1,0 410,81-15,5 4145 ,

26 41,534 4 2,9 4 9,19 -16,7 41 45
36 41,582 4 6,8 4 7‚47 -17,4 0 46

In mensa. Jan. et F ebr. :annorum bissextorum legitur dies insequens.

 

12

