9‚4851
9‚5309
9‚5698
99023
99292

’ 99515

9,6702
9,6863
9,7009
9,7152

99299
9,7457
9,7629
99815
99014

99220
99430
99637
99835
99021

99191
99343
99476
99592
99691

99777
99854
99926
99999
09076

09161
09256
09362
09477
09599

o,o725
o‚0849
o.o969

Tabula VIII.

0‚6775
o,6749
09670
09557
09430

09314
09233
09207
09250
09360

Ο,6528
0,6736
Ο,6963
0,7187
0,7392

0,7565
0,7695
0,7780
0,7818
0,7811

0,7765
0,7689
0,7596
0,7500
0,7418

0,7366
0,7357
0,7399
0,7492

⁷ μ 0,7630

0,7797
0,7978
09155
09313
09438

09524
09565
09562

17⁵2.

0‚5109 π
0,8075 π
03728 n
1‚0816 n
1,1570 n

1,2094 n
1243ss n
1,2632 π
1,269Ο π
1,2618 n

l‚2415 n
1306ss n
l‚1557 n
1,Οὸ36 π
03826 u

0,8344 π
0,588Ο n
9‚9108 n
0,3547·
0,7224

09111
19335
1,1193
1,1807
19238

19518
19664
19682
19572

13324

1,1919
1,1321
19466
09220
0,7250

0‚3ffll
Ο,0792 u
0‚6487 n

19998
19789
19424
1,1876
1,1091

0,9967
0,8263
0,5179
9,2857 n
0,563Ο π

0,8446 τι
1,ω46 π
1,1112 a
1,1861 τι
1,2390 π

1,27 50 n
1,2969 π
1,3061 n
1,3033 π
1,2883 n

1,2601 π
1,2170 π
1,1553 π
1,0685 n
0,9435 n

0,7473 π,
0,3464 n
0‚0901
0‚6688
0‚9020

19444
1,1415
19100
19575

1,2880

1,3038
1,3056

1,2937

÷÷÷ ÷÷÷÷÷

999 99999 „„„„.
88ss 8333ss

 

