4⁵6

Tabulae X. Sect. V. α Canis majoris.

18301811. 0 637 38186 -16888681 1840 san. 1 638 8987 -16 8’9 5871
Apr. 10 Apr. 10 6‚068 30 0,11
Jul. 19 Jul. 19 8186 0,57
oct. 87 oct. 87 8805 - 1,09
Dec. 66 Dec.66 6,271 1,67

1831 Jan. 0 6 37 41‚534 —16 29 34,18 1841 Jan. 0 6 38 8,893
Apr. 10 33‚68 Apr. 10 8,956
Jul. 19 33‚13 Jul. 19 9,013
Oct. 27 32,52 Oct. 27 9,o66
Dec. 66 31,85 Α Dec. 66 9‚113

1832’Jan. 1 6 37 48985 1-16 89 3861 1848 san. 0 6 38 11,743 —16 30 1804
Apr. 10 48868 3891 Apr. 10 11,784 13‚8o
Jul. 19 4881 3818 Jul. 19 11‚82o 14‚58
oct. 87 48773 3848 061. 87, 11849 1887
1118866 48786 8863 116866, 18878 1818

1833312111. 0 6 37 4639ss -16 29 38,43 1843118111. 0. 6 38 14,509 —16 30 20,47
Apr. 10 46,360 3262 p 14,527 21,30
J ul. 19 46,335 36‚81 14,537 22,oe
Oct. 27 46,317 35,99 14,539 2293
Dec. 66 46,307 35,16 14,534 23‚74

1834 san. 0 6 37 48‚953 -16 89 8897 1844 Jan. 1 6 38 17,180 -16 80 8805
Apr. 10 48948 3815 Apr. 10 17,170 8884
Jul. 19 48,951 3835 Jul. 19 17,152 29‚61
Oct. 87 48961 87,57 061. 87 17,187 3084
Dec. 66 48978 3880 Dec. 66 17‚o94 81‚o4

1835 san. 0 6 37 51,616’-16 89 41,59 1845 san. 0 6 38 18750 -16 30 8889
Apr. 10 51,639 40‚84 Apr. 10 19,718 3806
Jul. 19 51‚668 40‚14 sul. 19 19,668 36,68
Oct. 87 51,704 8847 Oct. 87 18617 8785
118866 58746 3885 1188661 18560 37,77

1836 Jan. 1 6 37 54,375 -16 89 4859 1846 san. 0 6 38 88884 -16 30 4818
Apr. 10 58488 Apr. 10 88163 4865
Jul. 19 54,474 Jul. 19 88097 4806
oct. 87 58581 Oct. 87 88086 4839 ,
118866 58594 118866 81,951 4866

, 1887 Jan. 0 687 57817 -16 89 4886 18471311. οΙ 638 88681 -16-30 4816
Apr. 10 57888 4889 Apr. 10 88544 4838
Jul. 19 57‚352 45‚58 Jul. 19 88464 4858
oct. 87 57,484 4835 Oct. 87 88888 4858
Dec. 66 57‚5oo 45‚18 Dec. 66 88898 4856

1838 Jan. 0 6 38 0‚119 -16 29 49,78 1848 Jan. 1 6 38 26,970 -16 80 53,16
Apr. 10 0‚197 49‚66 p 53,09
Jul. 19 0,275 49,62 5294
Oct. 27 0,355 49‚65 5251
Dec. 66 0,435 49‚7 6 52‚41

1839 Jan. 0 638 8058 .-1689 5886 1849 Jan. 0 688 88306 -1680 5811
Apr. 10 8133 5841 p 89884 5876
Jul. 19 8813 5863 88146 5885
oct. 87 · 8898 , 5898 88071 5886
118866 8369 5588 . 88999 5831

 

