Tabulae X. Sect. lv. β Leonis.

1810 Jan. 0 11· 39 8ἴ,770 ÷ 15 3’7 57, 78 1880 Jan. 1 11 3’9 58898 -1-15 3’4 4”1,54

Apr. 10 81,678 58, 36 Apr. 10 58387 40,95
Jul. 19 81,573 58, ’95 Jul. 19 58479 40,35
001. 87 81,475 59, ’56 oct. 87 58570 39,75
95866 81,376 88 0,19 Decffi¹ 58658 39,15

1811 Jan. 0 11 39 24,477 -ι- 15 37 39,9Ο 1821 Jan. Ο 11 39,55,696 -ξ- 15 34 19,26
Apr. 10 24,379 40,54 p .· - 55,783 18,66
Jul. 19 24,285 41,17 . 55,865 18,08
Oct. 27 24,198 41,79 . 55,942 17,51
Dec. 66 24, 105 42,41 . 56,015 16,95

1818 Jan. 1 11 39 87,808 ..- 15 37 8813 ’
Apr. 10 87,117 8874
Jul. 19 87, 038 83,33
oct. 87 86’ 964 83,89
nec. 66 86, 897 , 84,48

1813 san, 0113989, 986 -ι-15 37 4,18 1883 Jan. 01140 8348 -1-15 3335,14
. Apr. 10 88984 , μ p . 8393 34,78
Jul. 19„ 29‚869 ‚ , . “ 8489 ·34,34
06887 88888 , -. 1 .· . 8457 34,00
Dec. 66 88784 , , > 8, 477 33, 71

1814 Jan. 0 11 39 32,863 415 36 45,80 1824 *111¹*le 40 5, 538 ÷15 33 18, 72 ⁴¹
· Apr. 10 32,831 , ’“ Apr. 10 5 ,553

Jul. 19 82,807 , Jul 19 5 ,559
oct. 27 32 ,791 , Oct. 27 5,555
Dec. 66 32, 784 , Dec. 66 . ’ 5,543 r

1815 san. 0Ῑ 11 39 35 ,854 415 36 86, 80 1 .
5 Apr 10Ι 35’ ,854 › , Apr.·1o
35’ 863 , Jul. 19

35, 881 , oct. 87

Dec. 66

1816 Jan. 1 11 39 38,964 -Ι- 15 36 7, 07 1826 Jan. 0 11 40 11, 574 .415 3232, 96
Apr. 10 38,996 , Apr. 10 11’· ,585 Ἰ 33,11
1 ul. 19 39,036 , , Ju1.19 11, 468 ‘ss 33, 32
Oct. 27 39,084 , Oct. 27 11 ,405 33, 59
Dec. 66 39,139 , Dec. 66 11,334 ’ 33, 91

1827 J an. 0 11 40 14,425 -1-15 32· 13,71
46, 34 Apr. 10 14,349 14,oe

46 ,06 Jul. 19 14,869 ’ 14,46 ,
οοι. 87 14,183 14,90, · ·
Dec. 66 14,094 15,38 .—

1828 Jan. 1 11 40 17,191 -1-15 31 55,13
Apr. 10 17,098 1
Jul. 19 17,003
oct. 27 16,907
Dec. 66 16,808

1819 Jan. 0 11 39 48 ,883 -Ι- 15 35 3, 66 1829 Jan. 0 11 40 19,907 ÷15 31 37,06
Apr. 10 48, 976 3,13 Apr. 10 19,807 37,67
Ju1.19 49 ,069 2, 58 Jul. 19 19,709 38,Ξὸ
Oct. 27 49,163 2,02 Oct. 27 19,612 38,91

Dec. 66 49,257 1,43 Dec. 66 19‚517 8955

 

