Tabulae X. Sect. IV. α Οόῂοπαε.

l 8 2 0 1 8 2 0 ζῖἓοὲ) Α. R. med. Decl. med.

*ww-am ΜΜ

san. 0 -1”,018 227,9 - ’λ”,72 -27,5 -2 22 1810 12 26 333796 22072136,ωο
10 -0,724 230,5 -10,36 -24,8 -2 22 1811 26 41,3157 21 26,909

20 -0,408 2322 -12,68 .-21,4 -2 22 1812 26 43,8518 21 14,400

30 -0,081 2329 -14,63 -17,2 -3 22 1813 26 463879 21 1,895
Febr. 9 ÷0,249 232,7 -16,12 -12,5 -3 21 1814 26 48,9240 2ο 49392
1815 26 51,4601 2ο 36,893

19 ÷0‚572 231,7 .-17,12 - 7,4 -3 21 1816 26 539963 20 24397
Mart. 1 2ο,882 229,9 -17,59 - 2,1 -3 21 1817 26 56,5325 20 11,903
11 21,170 227,7 -17,54 2 3,0 -3 0 1818 2659,0687 19 59,412

21 21, 436 225,1 -17, 00 2 7, 8 -2 0 1819 27 1,6050 19 46925

31 21, 672 2221 -15, ’99 212, 1 -2 ο 1820 27 4,1413 19 34440
1821 27 6,6776 19 21958

Apr. 10 21, 878 219, 0 -,14 59 215, 7 -2 ο 1822 27 9,2139 19 9,479
20 22, 051 215, 7 -,12 86 218, 5 -1 -1 1823 27 11,75ο2 18 57,οο3

30 22,191 212, 4 -,;108 220, 6 1 1824 27 142866 18 44,530
Maj. 10 22, 298 2 9,0 - 8, 75 2-,21 8 0 1 1825 27168230 18 32061
20 22, 371 2 5, 7 - 6, 54 222, 2 0 1 1826 27 193594 18 19‚594
1827 27 218958 18 7,130
1828 27 24,4323 17 54,669
1829 27 26,9688 17 42211
1830 27 29,5054 17 29,756

-1

3221411223 -4,32221,8 21 ..1
Jun. 922,417- 1,1 -2,‚19÷207 21 -1
1922,39ο-4,3 -ο,19219,ο 21 0
2922331-7421,61216,8 22 o

Ο

0

Jul. 922,-242 10,32

1922,126-,12,9
2921,-985 15,1
¹¹⁰2· ⁸÷13233-}}33
2321464- 18,

214,2 22

365

, 2 Diei reducto addendum est:
’ Ξ ante
3
3

{³0⁸1 ἔ Nov. 16 ἑ r

5 ’, 41
Sept. 7 41, 279 —18, 1 6,l 3 22
17 -1-1, 102—- 16, 9 9‚8 42 42
27 20, 942- 14, 8 ,89 -13, 3 22 23
Oct. 7 4⁰,807— -11, ’8 ’39 -,16 8 22 43
17 ÷0,706 —· 8,1 2 0,54 -20,Ο 22 23

2720,,,646-36-161-223,0124
Nov. 620,63521,,,4-405-256 2124
16 20, 674 2 6,7 - 6,72 -27,6 0 24
26 20, 768 212,ο - 9,57 -29,1 0 25
nec. 620,914 217,1 -12,53 -29,8 025

÷÷÷÷ ÷÷÷÷÷
pmmm mmmm* μ

16 21,110 221,8 -15,52 -29,6 -1 25
26 21350 225,8 -18,45 -28,6 -1 25
36 21,626 229,1 -21,23 -26,6 -2 25

In mensa. Jan. et Febr. annorum bissextorum legitur dies insequens.

 

