Tabulae X. samm. α Hydrae.

- 745 3248
3253
3251
3242
3227

- 7 45 47,52
47,32
47,06
46,73
46,34

—* 746 1‚68
1,25

0,77

025

45 59,67

- 7 46 15,07
14,47
1284
13,18
1248

— 7 46 27,92
27,21
26,50
25,78
2206

- 7 46 40‚51
39‚79

91¹7 1'6',759
16,697

1790 J an. 0

Apr. 10

Jul. 19 16,629
oct. 27

16,556
Dec. 66 16‚478

1791 Jan. Ο 9 17 19‚452
Apr. 10 19‚37o
Jul. 19 19,285
Oct. 27 19,197
Dec. 66 19,106

1792 Jan. 1 9 17 22085
Apr. 10 21,992
Jul. 19 21,899
05127 21,806
Dec. 66 21,714

1793 Jan. ο 9 17 24692
Apr. 10 24,601
Jul. 19 24‚512
Oct. 27 24,426
Dec, 66 24‚842

1794 Jan. 0 9 17 27,318
Apr. 10 27,237.
J ul. 19 27,162
oct. 27 27,093
Dec. 66 27,Ο29

Jan. 0 9 17 29,997
Apr. 10 29,938
Jul. 19 29,886 39,Οὸ
Oct. 27 29,841 38,39
Dec. 66 29,804 37,71

1796³Jan. 1 9 17 32,763 —- 746 53,14

1795

1797 san, ol 9 1735,635 - 747 6,12
Apr. 10 35,634 5,61
Jul. 19 35,641 5,14
Oct. 27 35,656 4,73
Dec.66 35,679 4,36

1798 Jan. Ο 9 17 38,618 v- 7 47 19‚69
Apr. 10 38‚647
Jul. 19 38‚683
Oqt. 27 38,726
Dec. 66 38‚776

19,35
1799 san. o 9 17 41‚706

 

19,08
18,89
18,76

Apr. 10 41,761

Jul. 19 41,822

oct. 27 41,887

- 7 47 34,01
3291
Dec. 66 41‚958

33,88
33,91
34,οο

1800 san. o ,231'7441882

1801 J an. Ο
Apr. 10
Jul. 19
Oct. 27
Dec. 66

Jan. 0
Apr.10
Jul. 19
Oct. 27
Dec. 66

Jan. Ο
Apr. 10
J ul. 19
Oct. 27
Dec. 66

Jan. 1
Apr. 10
Jul. 19

1802

1803

1804

Oct. 27
Dec. 66

Jan. 0
Apr. 10
Jul. 19
Oct. 27
Dec.66

1806 Jan. 0
Apr. 10
Jul. 19
Oct. 27
Dec. 66

Jan. Ο
Apr.1o
Jul. 19
Oct. 27
Dec.66

Jan. 1
Apr. 10
Jul. 19
Oct. 27
Dec. 66

J an. 0
Apr. 10
Jul. 19
Oct. 27
1Dec. 66

1805

1807

ff

1809

-- 7⁰ 47' 4218
44,957 4231
45,ο35
45,116

45,201

9 17 42120
48,2ο7
48,294
42383
42472

9 17 51390
52479
51,566
51,652 23,61
51,736 24,24

9 17 54‚656 - 7 48 3225
,, 54,738 3289
54,816 40,56
54,891 41,25
54961 41,96

9 17 57,885 ¹— 7 48 56,95
57,952 57,65
58,013 58,35
58,067 5205
58,116 59,75

9 18 1,048 - 749 14,75

4276
50,07

- 748 5,18
5,53
5,93
6,37
6,87

- 7 48 21,92
2245
23,οι

9 18 4,118 - 749 3236
4,134
4,141
4,139
4,129

9 18 7,081 - 7494253
7,065 4294
7,041 5ο,30
7,009 50,60
6,969 50,84

918 9,931 - 750 6,01
9,885 6,2ο
9,833 6,33
2773 6,39
9,7ο7 6,39

9 18 12,678 - 750 21,64
12607 21,59
12532 21,47
12452 21,29
12367 21,04

 

49,50 ‘

