179
Tabulae X. Sect. 1'. a Aquilae.

νη· 10 Α. R. med. Decl. med.

*ww

1⁷60 176⁰

Jan. 0—1'2824 52 .- 0'05-160 1111 17501938349518-1- 81339,989

10 -,12121 8,9 - 1,,67-162 0-1-1 1751
20-1,105112,3 - 3,,28-157 0-1-11752
, 30-0’ ,966115,5 1 481 -146 -1-1-1 1753
Febr. 9-0, 796118,4 - 6,20-12,8 -1 -1-1 17Ξὲ
Ι
19-0, 599 12ο,9 - 7,36 -10,3 -211 1756
Mart. 1-ο,378 1,232 - 3225- 7,3 —241 1757
11-0,136 ’.,Ῑ25,1 - 8,82- 3,9 -2-1-(1) {323

21 10, 124 ss2628 - 9ζο3- ο,3 -3
0 1760

3110,399128,1 - 8,871 3,5 -3 1761
0 1762
o 1763
0 1764

Αρπ.1ο.1.,0,6,851289-83317,2-3
2010,977129,3 - 7441105 —3
3011,2711293-6,’23113,5-3

38 37, 8815
38 40, 8111
38 43, ’7408
38 46,6704
38 49,6οοο
38 525296
38 55,4592
38 58,3888
39 1,3182
39 4,2477
39 7,1772
39 1ο,1067
39 13,0362
39 15,9657

13 48, 724

” 13 57, 463

14 6,205
14 14,951
14 23,700
14 32,454
14 41,212
14 49974
14 58,739
15 7,508
15 16,281
15 25,058
15 33839
15 42,623

O 1765 3918,8952“
Ο 1766 39 21,8246
1767 39 24,7540
30 12,109 125, 6 - 1,12 119, 4 -2 11 1768 39 27,6834
Jun. 9 12, 354 123,1 O, 87 120, 2 -2 11 1769
19 12, 571 120,

29 12, 755 11
Jul. 9 12,901 11 ,

Maj. 10 41562 128,6 .- 4741161 -2
2011843127,4 -. 3,(11118,1 -2

15 51,412
16 ο,204
16 9,000
16 17,800
16 26,604
16 35,412

39 3Ο,6128

91 120,4 -1 11 1770 39 33,5422ι

19 13, 006 1 Diei reducto addendum est: ‘

6,

2

8,, 7117,8 012
2913,0661 g}

4,

2,

ἓ,1119,2 0÷1 Ι

8

1ο,47 116,2 0 12 ·

Aug. 819,083- 12,011143 11 12 ante. } Jan. 12 { 0
18 13, 055 - 13,3ο 112,2 ÷1 42 post —i- 1

28 12988 - 8,6 114,45 11ο,ο 12 13

Sept. 7 12,884 -11‚9 115,33 1 7,6 12 13
17 12,751 -14,5 115,97 1 5,3 12 13
27 12,595 -16,2 116,ὃὸ 1 2,9 12 13
Oct. 7 12427 -17,0 116,54 1 0,4 13 14
17 12,255 -16,9 116,46- 2,Ο 13 14

÷÷÷÷ ÷÷÷÷

1
5
6
3
,9
6
8

27 12,089 -15,9 116,15 - 4,4 13 14
Nov. 6 11,938 -14,1 115,59 -- 6,7 13 14
16 11,808 -11,5 114,81- 9,0 12 14

’ 26 11,708- 8,3 113,80 -11,1 12 14
Dec. 6 11,642 -- 4, 8 112,6Ο -12,9 12 15

16 11,613- 1,11,22-14,5 11 15

26 11,622 1 2,9 ss 9,71 -15,6 11 15
36 11,669 1 6,6 1 8,11-16,2 0 15

In menss. Jan. et Febr. annox-mn bissextorum legitur dies insequens.

 

12·

