128

      

Tabulae X. sect. 1. 5 een.

      
       
   
 

     
   

      

      
  

 

   

 

 

 

 

              
                

 

 

          
            

 

 

     

 

   
       
    
    
 

      
          

 

 

 

              
       

                  

 

 

 
     
 

      
      
   

         

175osan. 0 94915859 .μὲ 54185 1750155. 1 94944858 ÷3 75884
Apr. 10 15879· 4188 Apr. 10 44878 5888
Jul. 19 15888 4085 Jul. 19 44895 5985 ,
055. 97 15888 4080 oct. 97 44898 5981
05555 15879 , 8989 05555 44858 8 081
1751 san. 0 94918899 ÷ 3 55480 1751 san. 0 949 47,759 4. 3 81585
· Apr.10 18884 5887 Apr.1o 47809 1585
Jul. 19 18,56o 5881 · ψ Jul. 19 47850 15,45
oct. 97 18898 5988 055. 97 47804 17,17
055. 55 18,487 5189 05555 47,955 ‚ 1788
1759155. 1 94991818 -ι- 8 5 585 1759155. 0 949 51859 4- 3 88989
Apr. 10 91877 584 Apr. 10 51,138 8888
Jul. 19 91817 5,19 Jul. 19 51‚199 33‚72
oct. 97 91854 489 055 97 51875 8489
05555 91887 885 05555 51857 8585
1758 san. 0 949 94897 ÷ 3 51881 1758 Jan. o 94954845 ÷ 3 84981
. Apr.1o 94854 - . 1789 Apr. 10 54899 50,15
Jul. 19 94875 17,19 Jur. 19 54817 5085
05597 94899 1581 055 97 54,707 5188
05555 94808 1585 05555 54,799 5187
1754155. 0 94997849 -ι- 8 58087 1 94957885 -ι- 8 9 585
Apr. 10 97858 8088 Apr. 10 57878 587
Jul. 19 97,154 ,9988 Jul. 19 58879 789
055 97 97858 9887 . 055. 97 58855 7,78
05555 95859 9885 05555 ,
1755 san. 0 949 80,119 ..- 8 54888
Apr. 10 , 80890 4985 , ,
Ju1.19 99899 4988 - , ,
oct. 97 99895 4987 , ,
05555 99880 41,75 , ,
1755 san. 1 94989878 ÷ 3 657‚55 175511551. o 950 4,788 ÷ 3 938‚18'
Apr. 10 89884 5789 Apr., 10 4871 8888
Jul. 19 89894 57,10 Jul. 19 4848 8881-
oct. 97 89808 5588 oct. 97 5890 8888
055. 55 89895 5589 055 55 5885 , 8889

 

 

         

1757 Jan. O 249 35‚669 -Ι- 3 71Ο,62 1767 Jan. Ο 250 8,182 -1- 3 952‚89
Apr. 10 35,591 10‚61 Apr. 10 8245 5275

Jul. 19 35,519 10,67 . ‚ ⁴ 5255

Qct. 27 35,454 10,79 . ‚ 5229

5 Dec. 66 35‚396 10‚98 . ⁷ , 51‚96

  
 

     

 

        
 

1758 Jan. O 24938‚531 -ξ- 3 725,60 1768 Jan. 1 25011‚495 -ι- 310 6,74
Apr. 10 38‚477 25‚84 Apr. 10 11,531 6‚38
Jul. 19 38‚432 26‚13 Jul. 19 11,559 5‚96
oct. 27 38‚395 26‚49 Oct. 27 11,579 5,5o
Dec. 66 38‚367 26‚9o Dec. 66 11,590 4,98

 

 

     

 

       
     

   

1759 san. 0 94941899 -ι- 3 731‚44 1769 san. 0 95014805 ÷ 8101981
Apr. 10 41859 8189 Apr. 10 14,710 1985
Jul. 19 41‚455 8989 Jul. 19 14,7ο5 1888
oct. 97 41850 8985 055. 97 14898 1885
05555 41854 8885 05555 14871 1789

 

