    
   
        
               

Tabula vlu. ’
1819.

Jan. ο 019977. 087397. 050997. 19999 - 00 -692

10 8‚9756 7. 08891 7. 08068 77 19790 04369 - o’ 09
90 07674 7. 08999 7. ·0 9793 7. 19496 07373 - 0, 09
, 30 04059 7. 09059 7. 1,0813 7. 1,1878 09134 - 009

  

’7,6513 Ο,9178 n 1,1669η 1,1094 9,0383 -0,02

   

 

           
       
       
      

19 8‚4944 ⁴ 09999 7. 19093 7. ’09971 01359 - 009
Mart. 1 8‚7419 09384 7. 19438 7. 08968 09144 - 009
- 11 08878 09447 7. 19639 7. 05186 09813 - ’0 09

91 09996 094777. 196907. 097767. 03393 -o 09
00774 094737. 196197. 056937. 03905 -0’,09

Ψ· 33 3ὲὲἐὲ 3,33ἓὲ” ἰ’3333“ 3’33ἓέ” 3ἓέῗὲ ’333 2
30 9ζ9861 0’ 9997 3 1ζ1556ῗ. 1211132 05154 :⁹ 0, 09

Maj. 10 03488 0, 9910 7. 01,0835 7. 1,1869 7. 05509 - 0, ’09

> 04085 0’ 9197 7. 09893 7. 05894

04649 090587. 083397. 197517. 06193 -0 09

     

          
         
   

   

       

 

sun. 9 05174 09014 7. 05868 7. 19969 7. 06404 ,- 0, ’09
19 05657 09000 7. 09046 7. 1,3061 7. 06667 - - 0 ’09
· 99 06094 09091 7. 03570 13033 7. 06915 - 0, 01

06484 090747. 07935 198897. 07150 -o 01

 

            
          
        
      

    

06897 o ,9154 7. 09117 07373 , ,
99 07197 09953 7. 19339 19168 7. 07585 - 001
Aug· 73 ξ’ἶὲἓῗ 3ζ9333” ”Ϋῗέἓξ }‚'‹¹›{{3” {³333} '‘3'3}
07798 0 ξ’555 3 1ζ9940 09431 2 08164 ἶ οζο1 ’

     

         

 

9,7965 03626 π 1,Ξό 19 o‚7468 n 9‚8342 —· o‚01

· ’ 17 08115 . 09669 7. 19664 03455 7. 08519 - 001
97 08955 09681 7. 19689 00909 08676 -001
oct. 7 08393 09661 7. 19579 06688 08834 - 001 ,

0,9612 n 1,2324 ‚ o,9019 9‚8986 —— o,01

     

9‚8534

         
          

 

97 08685 09539 7. 1,1990 19449 09134 -001
Nov. 6 08847 09451 7. 1,1393 1,1413 09976 - 001
< 16 09091 09357 7. 19469 19098 09414 - 001
96 09904 099707. 09994 19574 09547 -001
09393 09904 7. 07959 19880 , 09677 - 001

     

          

 

16 09583 09167 7. 03996 03037 09803 Ἲ-ο,01
. 96 09768 09167 7. 00747 7. 1,3056 09995 - 001
09945 09904 7. 06475 7. 19938 00044 000

       

