263

Tabulae X. sect. Π. 2α Capricorni.

            
         
         
          
        

178⁰ 178⁰ ζῇζοᾷῗ)

-Μ *m Μ

Α. R. med.v Decl. med.

m'w

 

 

san. 0-1”,255 4 4,2 - 2”,56’- 3,5 41 -1 1770. 2”0 έ1ἓ,6339-1“ὲ1’42’8,808
10-1,194 4 7,9 - 289- 3,1 41-1 1771 5 19,9760 1418‚402
20-1‚098 411,2 - 3,17- 2,5 ο-1 1772 523,3180 14 7,992

 

  
 

 

 

90 -ο,970 414,4 - 338 - 1,6 0 -1 1773 5 26,6599 13 57,578
Febr.9 -0,810 417,4 - 3,48 - 0,4 -1 -1 1774Ι 5 30,0017 13 47,160
· 1775 5 333434 13 36,738

19 40,623 420,0 - 3,46 4 1,ο -1 -1 1776 5 36,6851 13 26312

 

Mart.1 -0,411 422,4 - 3,29 4 2,6 -2 -1 1777 540,0267 13 15,882
11 -0,175 424,6 -. 2,95 4 4,4 -2 -1 1778 5433682 13 5,448

21 40,081 426,6 - 2,42 4 6,2 -3 0 1779 546,7096 12 55,009

31 40,356 428,2 .- 1,71 4 8,ο -3 0 1780 550,0508 12 44,566
1781 5 533921 12 34,119

Apr.1o 40,645 4295 - 0,83 4 9,6 -3 0 1782 5 567333 12 23,668
20 40,946 430,4 4 0,2ο410,9 -3 0 1783 6 0,ο744 1213213

,35 412,0 -3 0 1784 6 3,4154 12 2,754
,59 412,6 -341 1785 6 6,7563 1152291
-³·÷1 1332 3333 8333
,15 412,6 -342 1788 6 16ζ7787 112οζ878
,39 412,0 -342 1789 620,1193 11 10,398
5514113 -2142 1790 62345971· 10 59,914

30 41,253 430,9
Mai-23 11:323 123:

   
    
 

8
Ο
30 42,162 428,6
Jun. 9 ÷2‚440 4265

19 ÷2‚693 423,ss
29 ÷2,915 4205

Jul. 9 43,102 416,6

44444 444

  

, ‚ ‚ -4- 6‚7 -1!÷3 Diei reducto addendum est:
110442ἓῖἓῖἷὲζῖ {J} 3332}ss Ξῖἓ ,ἑῖἶὲ ³¹¹oe ξ san 18 ζ ⁰
ἐξ 13:333: ἔῖὲ 1ῗέῑὲὓῖ ὃῑὲ 251³!ssss ‘³⁰⁵‘ ⁴· ¹

Sept. 7 43,296— 9‚4 411‚59— 0‚8 ÷1÷4
17 43,185 -12,5 411,46- 1,7 42ζ44
27 43,047 -14,7 411,25 - 2,4 42;44
Oct. 7 4289ss -16‚o ÷1o‚98 — 3‚o 42 ÷4
-16,3 41ο,66- 3,3 4244

 

      
  
      

  

    

  
    

27 42566 -15,7 41032- 3,5 43 44
Nov. 6 42,41 -14,2 4 9971- 3,6 4344

    

In menas· Ian. et Febr. annorum bissextorum legitur dies insequens.

