205

Tabulae X. Sect. II. ᾳ Arietis.

l 7 8 0 ’ l 7 8 0 ζ’,ᾚοῖρ Α. R. med. Decl. med.

ΜΜΜ ww

1770 ’1521143135 422 2151235
1771 54 18,6586 22 9204 ‚
1772 54 220044 22 26,770
ν 1773 54 25,3504 22 44233
3 42 1774 54 28,6966 23 1,6·95
1775 54320430 7 23 19,154
1776 54 352896 23 36,610
1777 54 38,7364 23 54,064
1778 54 420834 24 11,516
1779 54 452306 24 28265
1780 54 482780 24 46,412
1781 54 521256 25 8,857
1782 54 55,4734 25 21299
1783 54 582214 25 38,738
1784 55 21696 25 56,176
1785 55 5,5180 26 13,611
1786 55 82666 26 31,043
1787 55 122154 26 48,473
- 1788 55 15,5644 27 5201
- 1789 55 189136 27 23226

Jan. 0 4ό’, 537- 1ο, 6
10 40, 421 -12, 4

20 40, 289- 13, 8

30 4ο,145 -14’ 6
,7

,ο

,4 4441

,1
,7
,1
,3
‚O
,3
,2
,5
3
6
5
1
,4
4
2-

245504ἓέ

444· 44444
Οθ-δζθ Οοιροῑυιυὶζ
ιιιιι
*10002020 ωψκὶϋὶιρἲθ
*xum*
3²„ssss

ssffitz

&0000
434348

11 -0’384Ξ - 9,4
21 -0462- 6,ο 4 ο’·ο2
31 -ο ’503 - 2,0 - 0,78 -

44444 4444

48

³

Apr. 10 -0, 501 4 2,6 - 1,43 -. 5,
20 -o ’452 4 7,4 - 129 -. 3,

μμ «88Ἑῖ43 48

3ο -o,354 412,2 -

2,13 - 1,
Maj. 10 -ο’208 416‚9 4 ξπ)
1,

w βιὸν-*00 idm

20 -0, 016 421, 3 -

444

10 1
80 4’
30402184252- 22 7,

Jun. 940,488 423,4 - o‚364 9,9
19 ÷0 786 4302 8 4 0 75 4123 -2 -2 1790 55 222630 27 40,749

29 41,104 4325 4 2,09,414,4 -2 -2 ·

48Ι

Jul. 9 41,435 433,3 4 3,62 416,0 -2 -2

19 ÷1,769 433,2 4 5,29 417,3 -2 -3 Diei reducto addendum est:
29 42,o98 4323 4 7,ο7 413,1 -2 -3

Aug· 8 †2‚4}g '‘f-{g'g -4-1ἓ7ξέ -Ρῗὲ9ίέ -Ξ -Ξ ante } Apr. 20 ζ ’4- 1
{g {14:32}ae 4262 ἶ12ζ57 417ζ8 ἶ1 “-”4 p⁰⁵t ψ 2

Sept. 7 ÷3‚240 ÷23‚4 414,ae 416,9 -1 4
17 43,459 420,3 415,94 415,7 0 4
27 43,646 417‚2 417,44 414,3 Ο 4
oct, 7 43,802 414,Ο 418,79 412,8 41 -4
17 43,926 410,8 419,99 411,1 42 -4

27442174 7,6 421214 9,4 42-4
Νον1,64,40784 4,6 421,864 7,6 43 -4
,441084 1,6 422, ’5314 5,8 44 -3
644,110- 1,4 423224 4,1 44 -3

Dec. 2644,081- 4,2 4234344 2,3 45-3

1644027- 6,7 423,484 o,5 45-2

2643947- 92 423444- 1,3 45-2
36 43, 843- 11,4 423, ’221- 3,0 46 -2

In menss. Jan. et Febr. annorum bissextorum legitur dies insequens.

 

