172

Tabulae X. Seot. I. α Ophiuchi.

· 1750 Jan. 011'7219, 21546
Apr. 10 21,557
Jul. 19 21,561
oct. 27 21,557
Dec. 66 21,545

17 23 24324
24307
24282

1751 11111. O
Apr. 10
Jul. 19
oct. 27 24,249
Dec. 66 24,209

1752 san. 1 1723 26998
Apr. 10 26953
Jul. 19 26901
Oct. 27 26844
Dec. 66 26780

17531166. 01723 26577
, Apr. 10 26509
Jul. 19 26437
oct. 27 26361
Dec. 66 29,280

1754 Jan. Ο 17 23 32,Ο82
Apr. 10 31‚999
Jul. 19 31,915
Oct. 27 31,829
Dec. 66 31‚741

1755 1611. O 17 23 34,545
Apr. 10
Jul. 19
Oct. 27
Dec. 66

1756 Jan. 1 17 2636004
36921
36843
36768
36698

17 23 36496
36428
36367

1757 Jan. Ο
Apr. 10
Jul. 19
Oct. 27 39,312
Dec. 66 39,264

1758 Jan. O 17 23 42,054
Apr. 10 42‚o10
Jul. 19 41‚974
Oct. 27 41,945
Dec. 66 41,923

1759 1 a‘n. Ο 17 23 44,704
Apr. 10 44,688
J ul. 19 44,679
Oct. 27 44,679
Dec. 66 44‚686

Ι 1
÷ 1‘2' 45 4'1‚46
γ4225
4606
4687
4470

-ι- 12 45 41,02
41,85
42,66
4646

44,25

÷ 12 45 4659
4135
4608
4677
4642

÷ 12 45 3681
4643
4698
41,48
41,91

÷12 45 3639
3678
3609
3633
3650

-Ι- 12 45 36,06

-ι-12 45 3672
32,55
3230
31,98
31,58

-ι- 12 45 2634
27,90
27,40
2685
2623

-ι- 12 45 2607
2642
21,73
21,οο
2623

-1-12 45 17,12
1634
1654
14,73
1690

-ι- 1⁰2 4'5 1681
699
618

13 23 46458
47,47ο
47,49ο

1760 Jan. 1
Apr. 10
1111. 19
Oct. 27 47,517 8,37
Dec. 66 47,552 7,58

1761 Jan. Ο 17 23 50,315 -ι-12 45 4,48
Apr. 10 5o‚354 3,71
Jul. 19 50‚4oo 2,97
Oct. 27 50,451 2,27
Dec. 66 50,5Ο9 1,6Ο

1762 Jan. 0 17 23 56264 -1-12 44 5646
Apr. 10 56325 57,82
Jul. 19 56391 5724
Oct. 27 56461 5671
Dec. 66 56536 5623

1763 Jan. Ο 17 23 56,285 -1-12 44 53,Ο3
Apr. 10 λ 56,362 52,60
1111. 19 36,440 52,23
oct. 27 56,521 51,93
Dec. 66 56,603 51‚69

1764 san. 1 17 23 56351 -ι- 12 44 4641
Apr.- 10 56434 4622
Jul. 19 56517 4611
56600 4606
56682 4609

17 24 2,430 -1-12 44 44,73
2,5 11 44,80
2,59Ο 44,95
Oct. 27 2,666 45,17
Dec. 66 2,739 45,46

1766 Jan. O 17 24 5‚490 412 44 42,02

Oct. 27
Dec. 66

1765 Jan. Ο
Apr. 10
Jul. 19

1767 Jan. Ο
Apr. 10
Jul. 19
Oct. 27
Dec. 66

176812211. 1
Apr, 10
Jul. 19 11‚488 ⁵ 40‚66
Oct. 27 11,501 41,44
Dec. 66 11‚507 4225

1769 1611. Ο 17 24 14,281 -1-12 44 38,65

17 24 6502
6555
6601
6641
6674

17 24 1 1,439
11,467

-ι- 12 44 4622
4678
41‚39
42,οό
4675

-1-12443618
3691

 

 

