268

Tabulae X. sect. II. α Piscis austrini.

1770 san. 0 22 4'4 54753 -3ὃ 5ἓ) 1373. 1780 Jan. 1 22 45 25502 -38 47' {281
Apr. 10 54691 Apr. 10 26,584 7,71
sun, 19 54622 Jul. 19 26,671 7,55
001. 27 54545 oct. 27 26,763 7,34
Dec. 66 54461 Dec. 66 26860 7,08

1771 J an. 0¹22 44 57,842 -30 49 42,99 1781 Jan. 0 22 45 30,177 -30 46 48,89
Apr. 10 43,14 Apr. 10 §0276 48,09
Jul. 19 43,35 Jul. 19 30‚377 47‚75
Oct. 27 43,61 Oct. 27 30,480 47,36
Dec. 66 4393 Dec. 66 3o‚584 46,92

17721156. 1 22 45 0,845 -30 49 2505 1782 san. 0 22 45 33899 -30 46 28,29
Apr. 10 0,740 25,41 Apr. 10 34004 27,88
Jul. 19 0‚633 25,81 Jul. 19 34108 27,34
Oct. 27 0325· 2626 Oct. 27 34211 26,81
Dec. 66 ο,415 26,76 Dec. 66 34312 26,25

1773 san. 022 45 3,8ο3 -30 49 7,82 1783 san. 02245 37,628 -30 46 7,66
Apr. 10 3,693 834 Apr. 10 37,728 7,09
Jul. 19 3,586 8,89 Jul. 19 ¹* ’37,824 6,50
οοι. 27 3,480 9248 Oct. 27 37,916 5,89
Dec. 66 3‚377 10,o9 Dec. 66 38,004 , <

1774 J an. 0 22 45 6,762 -30 48 51,12 1784 Jan. 1 22 45 41,324 -30 45 46,69 ’
Apr. 10 6,661 51,74 . , 46,07
Jul. 19 6,566 5238 . , 45,44
Oct. 27 6,476 ,53,03 . , 4482
Dec. 66 6‚391 53‚69 . , 44,2Ο

1775 Jan. 0⁴22 45 9‚770 —30 48 3470 1785!Jan. 0 22 45 44951 -30 45 25,62
Apr. 10ἶ 9,690 35,35 Apr. 10 45‚o11 25,ο1
Jul. 19 9‚618 36,00 Jul. 19 45,062 2442
Oct. 27 9,554 36,63 oct. 27 45,105 23,84
Dec. 66 9‚499 37,25 Dec. 66 45,140 23,29

1776 san. 1 22 45 12,867 -30 48 18,28 -30 45 469

- Apr. 10 12817 18,88 p . , 4‚16
Jul. 19 12,777 19,46 . , 3,66

oct. 27 12,747 20,00 - . , 320

Dec. 66 12,727 20,52 . , 253

1777 Jan. Ο 22 45 16,083 -30 48 1,58 1787 Jan. 0 22 45 51,885 -30 44 44,13
Apr. 10 16,069 2,Ο7 p . 51‚878
Jul. 19 16‚065 2,51 . 51,862
Oct. 27 16,072 2,9Ο . 51,836
Dec. 66 16‚088 &25 . 51‚801

1778 Jan. 0 22 45 19,432 -30 47 4437 1788 Jan. 1 22 45 55,162 -30 44 2415
Apr. 10 19‚454 4468
Jul. 19 19‚486 44,94
oct. 27 19,527 45,14
19,578 4529

1779 Jan. 0 22 45 22,91Ο -30 47 26,47 1789'Jan. Ο 22 45 58,314
Ξὲῑὲἓ
26,68
26,56

 

