5⁰1

Tabulae X. Sect. V. 2α Capricorni.

1340 1340 ζζζοῗ , A. R. med. ned. med.

‘Ns-§.dmm ww

· san. 0 -1”,346 4 3, 9 41 -1 1330 36’ 3 37”, 0143 - 1‘3 3 5”7, 193
10 -1, 139 4 7, ’5 , 3 4ο’ 3514 3 46’ ,541

20 41 ο’97 4 9’ 9 , 3 436335 3 35, 335

30 -0, 971 4 13, 6 , 3 47,0355 3 35334
Febr 9 —0 ,816 416, 5 , 8 50,3625 3 14,560
3536994 3 3,391

19 -0, 633 419, 7 - 3,, 3 57,0363 3 53313
Mart. 1—0‚ ’433 433, 3 - 3 ’33 9 0,3739 343541
11 -ο’ 139 434, 4 -. 3ζ 93 9 3,7095 331360

31 40, ’065 436, 4 - 3, ’45 4 9 7,0461 331,175

31 40, 333 433,1 - 1 ’73 4 3’ 1 -3 0 1340 9103336 3 10,436
1341 9 13,7190 1 59,793

ΑΡ, 10 4ο, 636 439, 4 - ο, 84 4 9, 7 -3 0 1343 9 17,0553 1 49,095
20 40, 936 430,4 4 0, ’31 411,1 -3 0 1343 9303915 1 33393

30 41, 333 430,9 4 ’33 4131 -3 0 1344 9337377 137,,633
Mnj, 10 41, 543 430, ,3 413, 3 -3 41 1345 937,0633 1 16,973
3ο 41, 349 430, 413,1 -3 41 1346 9 303993 1 6364
1347 9337357 055,546

9 37,0715 044334

3, ’3 -3 43 1349 94ο,4073 034097
13 -3 43 1350 9437439 033367

8
1
30 42145 -1-28, 8
sun. 9 ÷2,424 ÷26‚ 7
· 19 -ι-2,679 -1-24, 0
39 42904 420, 7
Jul. 9 ÷3‚o93 -ι-16, 9
19 43, 241 412, 6 Diei reducto addendum est:

29 -1-3, 344 -ι- 8, ο
Aug 8 43, 401 -4- 3, 4
18 43, 412 - 1 ,2
28 43, 378 - 5, 4

Sept. 7 -1-3, 304- 9,2 411, 85
17 -4-3, 195 -1Ξ,3 -1-11, 73- 1 ’7 42 44
27 43:2059-145 411, 52- 2⁹5 42 44
Oct. 7 -4-2,906 -15, 8 4-11, 24 — 3, 0 42 44
17 42,743 -16,3 ÷10,92 -- 3,3 42 44

0
41

ante
post

44444 44444 44

ι 1⁹ {

4.
4.
÷0
4.
,ς-
4
4.
4
÷

37 43531 -157 410,53.- 3,6 43 44
Nov 6 43,430-14,3 41031- 3’7 43 44
1643,,393-130 4 934-
3643,1,91.-91
Dec. 643,117-5,

16 42, 077

36 43, 074 {s}
36 4210ss -ι-

In mensa. Jan. et Febr. annorum bissextorum legitur dies insequens.

 

