506

Tabulae X. Sect. V. α Piscis austrini.

1830 san. o 22 48 174036 -3ὃ 3’1 1827 1840 188. 1 22 48 4ἔ,580 -33 2’8 1”2,04
Apr. 10 13038 1801 Apr. 10 48,660 11,41
181. 19 13046 1905 181. 19 48,734 10,79
oct. 27 13760 2020 088 27 48001 10,17
Dec. 66 13,680 20,85 Dec. 66 48,862 9,56

1831 188. 0 22 48 17045 -3031 1,78 1841 188. o 22 48 52,179 1-30 27 5000
Apr. 10 16‚969 2,43 Apr. 10 52034 5000
181. 19 16002 306 Jul. 19 52080 49,72
oct. 27 16044 308 Oct. 27 52018 49,17
088. 66 16,794 4,29 088. 66 52047 4804

18321188. 1 22 48 20,148 1-30 30 45,24 1842 san. 0 22 48 55075 -30 27 2905
Apr. 10 2ο,105 4502 Apr. 10 55,698 29,44
Jul. 19 20070 4607 Jul. 19 55,712 28,97
oct. 27 20044 4609 oct. 27 55,716 2805
joae. 66 20027 4707 088. 66 55,71ο 28,16

1833 188. o 22 48 23070 -30 30 2806 1843 188. 0 22 48 59049 -30 27 902
Apr. 10 28064 2801 Apr. 10 59‚037 9,06
181. 19 23067 29,21 181. 19 59‚o15 8,76
Oct. 27 23079 2907 oct. 27 58,983 8,51
088 66 23001 2908 088 66 58043 802

18341188. 0 22 48 26,731 -30 30 1004 1844 188. 1 22 49 2,294 -30 26 4901
Apr. 10 26,759 11,20 Apr. 10 2,247 4905

Jul. 19 26,796 11,41 181. 19 2,192 ,49,25
26,842 1107 oct. 27 2,128 49,21 ’

 

333. ἐξ 26097 Ι 1107 088 66 2056 49,23

1835 188. 0 22 48 30016 ’-30 29 52,79 1845 188. o 22 49 5,417 -30 26 3005
Apr. 10 30077 5205 118810 · 5‚340 3ο,41
181. 19 30044 5206 181. 19 5,257 3003
Oct. 27 30,418 5201 oct. 27 5,168 30,71
088 66 30,499 52,70 . 088 66 5072 3005

¹ ῖ8”36“188. ῙΙ22 48 33009 -30 29 33ζ8ἶ ἶῘἿΜΛ) 22 49 8441 ’-30 26 11ἷ9

Aps. 10 33‚894 33,74
181. 19 33084 , 3304

Apr. 10 8,342 12,26
181. 19 8040 1209

oct. 27 34078 3309

1088 66 34,177 · 3208 3ξὲξέ {2332 ῘΞΞΞῘ

1837 san. 0 22 48 37,481 -30 29 1403 1847 188. 0122 49 11099 -30 25 5408
Apr. 10 37,581 1309 Apr. 10 11,290 5404

Jul. 19 37083 1301 181. 19 11,182 5504

081. 27 37,786 1309 ont. 27 11074 5508
08866 37091 1202 088. 66 10067 56,45
1838 san. 0 22 48 41,193 -30 28 5302 1848 188. 1 22 49 14,338 -30 25 37,38
Apr. 10 41098 53,43 p 3707

181. 19 41,401 5201 ’ 3808

oct. 27 41002 5206 3901

- 088. 66 41002 51,79 , 3906

1839¹Jan. 0 22 48 44,906 -30 28 33,13 1849 Jan. 22 49 17‚303 -30 25 20‚77
Apr. 10 45‚oo4 3253 Apr. 10 17,218 21,42
Jul. 19 , 45‚097 31,93 Jul. 19 17‚130 2297
Oct. 27 45,186 31,32 Oct. 27 17,053 22,72
Dec. 66 45‚270 30,69 Dec. 66 16,983 28,36

 

