Tabula VIII.
1817.

m ’
Log. A Log. B Log. O Log. D Log. τ Ε ’ r

wwwwww

9,4601 7. 05291 7. 05093 7. , 1,2999 - 00 — 005
04008 7. 05512 7. 08068 7. 1,2790 04362 - 004
03365 7. 05785 7. 09723 7. 1,2426 07373 - 004
02677 7. 06079 7. 1,0813 7. 1,1878 09134 - 004
01948 7. 06364 7. 1,1569 7. 1,1094 00383 - 004

01178 7. 06618 7. 1,2093 7. 09971 01352 - 004
00352 7. 06824 7. 1,2438 7. 08268 02144 - 004
09429 7. 0,6973 7. 1,2632 7. 05186 02813 - 004
08315 7. 07060 7. 1,2690 7. 02779 7. 03393 - 004 .
06802 7. 07088 7. 1,2619 7. 05629 7. 03905 - 005

04273 7. 07062 7. 1,2415 7. 08447 7. 04362 - 005
7,5527 7. 06992 7. 1,2068 7. 1,0047 7. 04776 - 005
03473 06892 7. 1,1556 7. 1,1113 7. 05154 - - 005
07079 0,6779 7. 1,ο835 7. 1,18627. 05502 .-οο5
09180 06672 7. 09823 7. 1,2391 7. 06824 - 005

00688 0,6591 7. 083397. 1,2751 7. 06123 -0,05
01861 06552 7. 05869 7. 1,2969 7. 06404 .- 004
02813 06572 7. 09048 7. 1,3061 7. 06667 - 004
03597 06650 7. 03569 1,3033 7. 06915 ,- 004
04249 06781 7. 07234 1,28827. 07150 -004

04795 069567. 0,9117 1,26007. 07373 -004
05250 071567. 1,0339 1,2168 7. 07585 -0,04
05629 073647. 1,1195 1,15507. 07787 -004
05946 07562 7. 1,1809 1,0682 7. 07980 - 004 ·
06213 077367. 1,2239 09431 7. 08164 -004

06442 07875 7. 1,2519 07468 7. 08342 - 004
06643 07970 7. 1,2664 03455 7. 08512 - 004
06830 080207. 1,2682 00909 08676 -004
07012 080237. 1,2572 06688 08834 -004
07198 079837. 1,2324 09019 08986 · -004

07395 079107. 1,1920 1,0442 09134 -004
07604 078147. 1,1323 1,1413 09276 -004
07828 077117. 1,0469 1,2098 09414 -004
08061 076207. 09224 1,2574 09547 -004
08300 07558 7. 07259 1,2880 09677 -004

08538 075427. 03225 1,3037 09803 -0,04
08768 07578 7. 00748 7. 1,3056 09925 - 004
08984 076677. 0,64767. 1,2938 00044 -ο,03

 

