211
Tabulae X. sect. ΙΙ. α Aurigae.

1780 1780 ζῇξςοᾷξ)

wwmm

A. R. med. necl. ⁴med.

san. o‚÷‘1⁷,811 4 2,4 44237 413,9 43- 4 1770 5159 4420346 4454417360
10 ÷1‚804— 33 45314123 44- 4 1771 59 484385 4422,148
2οζ41337- 9,6 46,91 411,ο 45,- 4 1772 59 523426 4426,929
3641613 -15,9 47,91 4 8,9 451- 3 1773 59 57,2469 4431304

Febr.9'÷1‚440—19‚3 48,68 4 6,3 46⁸- 3 1774 5 0 1,6Ξ14 4436,473

19 4132ss ‘222⁵ 49³⁶ ÷ 3,4 46- 2 1776 01ο,4608 4441‚236

44 45,992

Mart. 1’4ο,99οἷ-24,5 4935 4 0,4 46
11 40339 -25,0 49,24- 23 46
21Ι4ο,490 -24,1 4832- 5,6 46
31 403258 -213 48,13 - 8,2 46

Apr. 10 4ο,056 -18,1 47,19 -10,4 45

Ι
3οζ-0,213- 8,0 4439 -13,2 44
6141οί4364- 2,1 4343 -133 43
204-03544 4,2 42,ο5 -133 42

3040381 41ο,4 4030 -13,1 41
sun. 91-0,047416,3 -0,57 -12,2 ο
19140344 4213 -133 -103 -1

- 1 1777
O 1778
Ο 1779
4 1 1780
, 1781
4 1 1782

2ο-0,104-13,5 46,ο6 -12,ο 44,4 ἓ {332
,4

2 1785
1786

1787
1788
1789

o 14‚8658
0.19,2710
o 23,6764
0 28,ο820
0 32,4878
0 36,8937
ο 413998
0 453061
0 50,1 126
ο 54,5193
0 58,9262
1 33332
1 73404

44 50343
44 55487
45 0,224 ‚
45 4,956
45 9,681
45 14,401
45 19,114
45 23,820
45 28,521
45 33,215
45 37,9ο3
45 42,585
45 47,261
45 51330

4444 44

29 4ο,387 426,6 -231 - 9,0 -2
sul. 9 40,676 430,9 -3,53- 7,2 -2

’ 19 ÷1‚oo4 434,3 -4‚15— 5‚2 —31
29 41,362 437,ο ..4,56 - 3,1 -3 - 1
1413 333 -2’332- 3 -1- 2

1 1244783

2
2
2
2 1790
ὃ
Ο

Diei reducto addendum est:

 

28 ÷2,549 ÷40,9 —4‚59 4 2,8 42}—

3

4

Sept. 7l÷2‚959 441,Ο -4‚23 4. 4‚5 —43— 5
17 433ss8 -1-4025 -330 4 6,1 -41- 5

27 43369 439,6 -3,01 4 7,6 -41- 6
oct. 7 ÷4‚159 ÷38‚2 -2‚13 4 9,0 ..3- 7
17 44532 436,2 -1,21’41ο,3 -3- 8

, 27 44382 4333 -ο,12 411,6 21- 9
Nov. 6 45,206 4303 41,10 4123 -11- 9
16ἱ45,495 426,9 42,41 413,6 0--10

26 45344 422,6 43,81 4143 41ἰ-10
Dec. 6 ÷5,947 417,7 45,26 414,7 42,--11

16 46,097 4121 ÷6,74 414,ss 431—11

26 46,189 4 6‚2 48,21 414,4 44ζ-11
36146321 4 0,1 49,6.Ἷ413,5 45ῑ-10

³

In mensa. Jan. et Febr. annorum bisffoxtorum legitur dies insequens.

 

14⁸

