351

Tabulae X. 80οι. ΙΠ. α Andromedae.

1 8 0 0 1 8 0 0 Zffigoff A. R. med. Decl. med.

0 ,κβ-,3 ‘vv *JKz-saw

42⁰7 5'5 48385
56 8999
56 98900
56 48107
57 9,014
57 98991
57 48898
58 8736
58 98643
58 48550
59 8457
59 98364
59 48971

98 o 8178

o 28‚085
o 47‚992
1 7,899
1 27‚8o6
1 47,719
9 7,619
9 97596

ΙΙ

⁹²⁸}— 83 43 49 1790 9357 389095
31 -11,0 43 49 1791 57 36‚9741
092—133 43 43 1799 57480459
68.-14,8 49 43 1793 57481179
141-15,8 49 43 1794 57481909
Ι 57 489695
53 -16,1 41 43 1796 57 583350
μ -187 41 43 1797 57 584077
21 -0‚⁷⁵2 233} :1332 83ῑὲ {3ae ἓέὄῗςὲἓὲἓ
31-0368 - 41311--1333333 33 33333
Apum -0,538 4183 4 4,96- 88 -1 49 1809 58 1οζ7738
9ο-0,363 419,7 - 8471- 89 -9 41 1803 58 188476
-ο,144 4989 - 5,6ο 4 86 -9 41 1804 58 18991,

Maj, ÷o,114 497,5 - 83514 4,6 -9 0 1805 5818995 ’
90.4ο,405 4884 - 4,69 4 85 43 o {386 gg {2⁵32}

30 ÷o‚722 4386 - 866 4181 -3 58 99ζ9190
sun? 9 ÷1‚o56¹÷33‚9 — 897 415,5 -3, 58 389938
19 41399 4383 - ο,57 4184 -9 58 383688

99 , 4388 4 1,41490,9 -9

4 4 4384 4 861 4988 -9

 

430,2 4 5,97 424,1 -2 Diei reducto addendum est:
427,4 4 8,43 424,9 -1 ante ⁴ Ο

-1-24,7 post ξ ΜΨ. 19 ζ ÷ 1
28 ÷3,338 416,1 415,88 423,9

Sept, 7 ÷3‚478 12,0 41831 ,1.22,6 41
17 ÷3‚5⁷⁷ 729 ÷20‚40¹-1-21‚0 -1-
27 43,685 5!- 4‚0 422,41 419,Ο 4

Oct. 7 ÷3‚657 4 0,5 42430 416,8 4
17 486444- 9,8 49876 414,3 48

27 43,601 -- 5,6 427,06 411,7 44
Nov. 6 ÷3‚532- 8‚o 428,Ο9 4 8,8 44

16 43,441

26143533

Dec. 6 43,212
{k-&ossss
42,946

. 448810

In mensa. Jan. et Febr. annorum bissextorum legitur dies insequens.

 

