195

Tabulae X. Sect. 1. α Andromedae.

1 7 6 0 1 7 6 0 Zffiossf' ,4 R. med. neck med.

ΜΜΜΜΜ

Jan. 0 —O 22,6- 13,
10 -0, ’3-59 12,
20 -0, ’484 -11,

5 - 8

9

9
30-0’596-1Ο,3

2

8

2

2 1750 23 5'5 3’1, 1823 427 42 33, 055
42 1751 55 34, 2469 42 52, 964
3 1752 55 37, 3116 43 12, 873

4 4
4
43 1753 55 4οζ3765 43 32,782
-Ι-
4-

22222

Febr. 9 —O‚ 689 - 8, 3 1754 55 43,4415 43 52,691

1755 55 46,5067 44 12,6οο

3 1756 55 49,5721 4432,5ο9
Mart. 1 -0,793 - 1, ,2ο -1 ...3 1757 55 52,6378 4452,418
11 -0, ’792 4 2, ’72- 14’ 4 43 1758 55 55,7ο36 45 12327

21 -0, ’750 4 6’ 4 - 3, ’08 1-2 ,4 o 42 1759 55 58,7696 45 32236

31 -0, ’664 410, 9 - 4,20 - 9,8 -1 42 1760 56 1,8358 45 52,144
1761 56 49021 46 12,ο52

Apr.1o -ο,532 415,5 - 5,ο3 - 6,6 -1 42 1762 56 7,9686 · 4631961
2ο -ο, 355 419, 9 - 5, 52 - 3, ο -2 41 1763 56 11,0353 46 51,869

30 -0‚ 135 424, 0 - 5, ’63 4 ο, 9 -2 41 1764 56 141022 47 11,778
1116310 40,124 427, 5 - 5, ’35 4 4, 7 -2 o 1765 56 17,1692 47 31,686
20 4ο, 415 430, 4 - 4, 69 4 8, ’6 -3 0 1766 56 202364 47 51,594
1767 56 233038 48 11,503

30 4ο, 732 432, 6 - 12, 4 -3- 1 1768 56 263714 48 31,411

Jun. 9 ÷1,066 433, 9 15’ ,7 -3 -1 1769 56 29,4391 48 51,320
19 41, 409 434, 2 18, ’6 -2 -2 1770 56 32,5070 49 11,228

..1-
..Ι-
0-1-
,7 421, ’0 -2 -2
Ju1.9 ÷2, ’082 432, ’3 4229 -2 -2 Ι
19 42, 395 430, 1 ÷

-11,
-13’
-14’
2-15
16,
5

,53
1
,23
,842
,942
11
,61
O

19 -0,757- 5, 40,-

ιι4 44444
μομ mhmwoe

63
’22
50

’49
’70

3,
2,
Ο,
1,

3,
6107 24‚2 -2 -3 Diei reducto addendum esu,

29 42, 683 427,2 8,54 4243 ..1 -3
Aug& 1ξὲΞὲ ᾙῗὲζέ ἷ-Ῐὲζὲἓ ἶὲῗέζὲ ’ὃ ΣΞ ζζξῖ } Mart. 19 ζ

28 43, 336 415, 9 415, 98 423, 8 O -3

Sept. 7 43, 474 411, 7 418, 31 422, 6 41 -3
17 43, 5704 7’7 420,49 420,9 42 -2
2743,6274 3’8 422,49 418,9 42-2

Oct. 743,6464 0,2 424,27 416,7 43 -2
17 43,630- 3,1 425,,824142 43-1

27 43, 585 - 5, 8 427,10 41,
Nov. 6 43, 514 - 8, 2 428, 11

16 43 422- 10’ 1 428, 81

26 43, 313- 11 ,6 42922
Dec. 6 43, 191 -12, 7 429, 32

a>
002.

16 43,-060 13,3 429,10-
26 42, 925 -13, ’5 428, 57 -
36 42, 790- 13, ’4 427, 76 -

444 44444

In mensa. Jan. et Febr. annorum bissextorum legitur dies insequens.

 

13*

