214

            
                 
         

Tabulae X. sect. ῙῙ. β Tauri.

1770 166. 0 5¹1'147',286 ÷2⁰8 2'3 2¹6,97 1780166. 1 '31'2 22',747 4233 241633
47,256 26,16 Apr. 10 22,806 11,57·

= 47,216 25,36 161. 19 22,872 12,27

47,166 24,58 061. 27 22947 12,93

47,105 23, 83 066. 66 23, 030 13, 55

 

 

 

 

                   
         
     

   

 

 

  

 

 

 

 

 

     

      

        

  

 

 

      

   
    

 

 

 

 

      
           
       
        
         

 

 

 

     

 

 

 

   

 

 

 

 

 

 

 

 

 

        
    

 

     

    
     

 

 

    
         
          

 

 

 

 
       
       
  
  

 

 

 

 

       
  

     
   

1771 166. 0 5 11 50, 907 ÷28 23 28, 06 1781 166. 0 5 12 26, 783 -1-28 24 17, 28
Apr 10 50' ,840 27, ’33 · Apr. 10 26, 871 17, 86
161. 19 50 ,765 26, ’64 161. 19 26ζ964 18,39
oct. 27 50,681. 26,00 066.,27 27,ο62 18,86
06666 50,589 25,40 06666 27,166 19,27
1772 166. 1 5 11 54,4ο2 -1-28 23 29,57 1782 166. 0 5 12 30,912 ÷28 24 23,06
Apr. 10 54,3ο5 29,01 Apr. 10 31,019 23,43
Jul. 19 54,2o3 28,52 161, 19 31,128 23,73
Oct 27 54, 096 28, 09 oct. 27 31,239 23, 96
066. 66 53 ’984 27, 73 066. 66 31, ’352 24:13>
1773 166. 0 5 11 57, 803 -1-28 23 31,,81 1783 166. 0 5 12 35, 096 ÷28 24 28, 00
Ap r. 10 57, ’688 31, 49 Ap r 10 35, 210 28, 11
16Ρ1,19 57, 571 31, 25 Jupl 19 35, ’323 28, 16
066. 27 57, 453 31, ’09 066. 27 ι 35, ’435 28, 13
1020 ⁶61 57, ’333 31, 00 066. 66 35, 546 28, ’03
1774166. 0 5 12 1,155 ,1-28 23 34, 99 17841661 5 12 39, 291 -1-28 2431, 98
Apr. 10 1,036 34,95 Apr. 10 39,401 31,83
161.. 19 0,918 34,99 161. 19 39,506 31,61
066. 27 ο,803 35,11 oct. 27 39,608 31,32
06666, 0,691 3531 [066 66 39,705 3ο,96
1775 166. 0 5 12 4,5o9 ÷28 23 39,19 1785 san. o[ 5 12 43,455 ÷28 24 35,00
Apr. 10 4,399 39,44 Apr. 10 43,549 34,60
161. 19 4,296 39,76 161. 19 43,636 34,14

Oct. 27 4,198 40,15. 066. 27 43,716 33,62 ·
, Dec. 66 4,106 4o,61 Dec. 66 43,788 3394
1776 166. 11 5 12 7,917 ÷28 23 44,40 1786 166. 0 5 12 47,547 ÷28 24 37,14
Apr. 101 7,830 44,90 Apr. 10 47,615 36‚52
Jul. 19 7,752 45,46 161. 19 47,673 35,87
oct. 27 7,683 46,07 oct. 27 47,722 35,17⁴
066. 66,ι 7,622 46,74 1066. 66 47,761 34,44
1777 166. 0 5 12 11,423 -1-28 23 50,46 1787 166. 0 5 12 51,531 -1-28 24 38,58
Apr. 10 11,369 51,1·5 Apr. 10 51,564 37,82
Jul. 19 11,325 51,87 161. 19 51,587 37,04

oct. 27 11,291 52,63 oct. 27 51,599 36,24 ·
Dec. 66 11,268 53‚4.2 Dec. 66 51,6oo 35,42
1778 166. 0 5 12 15,ο56 128 23 57,09 1788 166. 1 5 12 55,383 -1-28 24 39,59
Apr. 10 15,040 57,89 Apr. 10 55,377 38,76
Jul. 19 15,035 58,70 161. 19 55,361 37,93

oct. 27 15,041 59,52 Oct. 27 55,334 37,12 -
066. 66 15,057 24 0,34 06666 55,296 36,32

 

  

 

 

1779 166. 0 5 12 18,832 -1-28 24 4,00 1789166. 0 5 12 59,092 -1-28 2440 47
Apr. 10 18,855 4,81 Apr. 10 59,o47 39, 68
161. 19 18,888 5,61 161. 19 58,992 38, 92
oct. 27 18,931 639 oct. 27 58,928 38, 19
066. 66 18,983 7,15 06666 58,854 37, ’48

 

 

