Tabulae X. Soet. V. α Piscis auctr-ini.

1 8 4 0 l 8 4 o Vassffgosso A. R. med. Decl. med.

&mmm-m *mx-‘W

Jan. 0 -ό’,7ο1 -10,1 - 9¹, 9
10 -ο,791 - 7,9 - 9, ’5
Ἥ

9 4 0 18302248 14, 5102 -30 3’1 2ὅ, 242
9 48 17, 8492 31 1 3’90
2 48 21,1880 30 42536
9 48 24,5266 3023,681

2ο -,0857 - 5 ,3 -
80 -o ,896 - 2’ 5 - 7
48 27,8650 30 4,824
48 312031 29 45,966
19 -0, 885 4 3 ,8 - 5, 4ο 415, 2 41 -2 1836 48 34,5410 29 27,107
Mart. 1 -0,830 -1- 7,3 - δ,78 ÷17,1 41 -2 1837 48 37,8787 29 8246
11 -0,740 410,9 - 1,98 418,9 0 -2 1838 48 412162 28 49,383
21 -0,612 414,6 - 0,01 420,4 -1 -3 1839 48 44,5535 28 30,519
31 -0 ,448 418, 4 4 2, 09 421,5 -2 -3 1840 4847,8905 28 11,654
1841 48 512273 27 52,787
119210 -,0 245 422, 2 4 4, 28 422,2 -2 --3 1842 48 545639 27 33,918
20 -o ,005 425, 7 6, 53 422,6 -3 -2 1843 48 57,9003 27 15,048
30 40, 268 428, 8 8, 80 422,5 -3 -2 1844 49 12365 26 56,177
1115110 4ο, 570 431, 4 1,02 421,8 -4 -2 1845 49 4,5725 26 37,304
2ο 4ο, 896 433, 5 3,15 420,7 -4 -2 1846 49 7,9082 2618,430
1847 49 11,2437 25 59,554
30 41, 240 434, 8 415,15 419, 0 -4- 1 1848 49 145790 25 4ο,676
Jun. 9 41, 592 435, 3 416, 95 416, 8 -5 -1 1849 49 17,9141 2521,797

19 -1-1, 945 ÷34‚9 -1-18 51 -1-14,2-5 0 1850 4921,2490 25 2,917
29 42, 289 433, 5 419, 79 411, 3 -5 Ο

Jul. 9 42, 615 431,3 420, 76 4 8,ο -5 ,μ

..ff-
‘⁴¹'
41
41

19 42915 -1-28,3 -1-21,39 -Ι- 4,6 -4 -Ι-1 Diei reducto addendum est:
29 ÷3‚180 424,5 421,68 4 1,2 -4 42

Q· ⁸ 13311131 ²333} 1 ἓξ :3 4} } webr 2ss ἰ ⁰
ἒξ Ϊζ3’712 ss1o’5 42053 - 8’2 -3 43 ¹¹⁰⁵ ⁵⁸ ÷ ¹

Sept.7÷3,791÷ 5,5 419,59 -,106 -2 44
17438224 08 418,-42 12’4 -244
2743,807-3’6 417,12-13’5 -144

Oct. 7 43, 751 - 7,3 415, 72- 14, 0 o 44
17 43,661 -10,4 41432 -13,8 0 44

27 43544 -12,7 -1-12,96 -13,Ο 41 ÷4
Nov. 6 ÷3‚407 -143 ÷1l‚72 -11‚6 -ι-1 44

16 43260 -14,9 410,65 - 9,7 42 44

26 -1-3,109 -14‚9 -4- 9,79 -- 7‚4 ÷2¹÷3
Dec. 6 -4-2,963 -14‚2

16 ÷2‚825 — 18,

26 42703 -11,
36 42,600 4 9,

In menas. Jan. et Febr. annorum bissextomm legitur dies insequens.

 

