326

Ἣ’Τ811118ιο X. Soet, ΠΙ. Herculis.

1790 Jan. 0 1¹75' 5'',387‘ 414 38 33, 40 1800 san. 0 13 5' 8”1,579 414 8’7 8”7,08
Apr. 10 5,894 86ζ 08 pr. 31,645 86,56
jul. 19 5,956 {3:29 7,1 . . 81,791 86,10
Oct. 97 5,188 . 81,799 85,70
Dec. 66 5‚106 87, 82 . A , 35,36

1791 san. 0 17 5 7,869 ...14 88 89, 99 1801 san. 0 175 84588 ÷14 37 30‚78
7,789 33, 40 p .· -34‚664 30,49
7,700 88, 89 . 84745 80,97
7,616 84, 17 . 34, 897 30, 19
7,580 84, 45 . . 30, ’04

1792 Jan. 1 17 5 10,289 —{- 14 38 29, 64—
Apr. 10 10,202
J ul. 19 10,116
Oct. 27 1Ο,031
9,947

17 5 12,705 -ξ- 14 38 25,37 1803 J an Ο 17 5 40, 629 -ff- 14 87 20,93
. Apr.10 ι 40, 701
Jul. 19 40, 769
Oct. 27 40, 833
Dec. 66 40, 892

17 5 15,147 -1-14 88 9ο,07 1804 san. 1 ‚
15,o78 19,74 Apr. 10 48,658
15,014 19,34 Jul. 19 43‚7o7
14‚956 18,87 ont. 97 48750
14,903 18,84 Dec. 66 48788

1795 Jan. 0 17 5 17,650 -ι- 14 38 13,81 1805 Jan. 0 17 5 46,506 414 37 14,75
Apr. 10 17,6Ο2 - 13,24 Apr. 10 46,539 15,41
Jul. 19 17,561 1263- Jul. 19 46,564 16,11
Oct. 27 17,527 11,96 Oct. 27 46,582 16,85
Dec. 66 17,501 1135 Dec. 66 46, 592 17, 62

1796 Jan. 1 17 5 90989 ÷ 14 88 6,79 1806 Jan. 0 17 5 49, 319 ÷14 37 19, 69
Apr. 10 90917 , Apr. 10 49, 894 18, ’48
Jul. 19 20,205 ,0 Jul. 19 49, ’899 14,98
Oct. 97 90,199 , Oct. 97 49, ’819 15 ’09
06866 90,901 , Dec. 66 49994 15,91

1797 Jan. Ο 17 5 22,929 -1- 14 37 59,27 17 5 52,031 ÷ 14 37 10,97
Apr. 10 22,937 , p , ,
Jul. 19 2295ss , , ‚
Oct. 27 22,974 , , ,
Dec. 66 23,004 , . , ,

1808 Jan. 1 17 5 54,641 -ι- 14 37 9,26
Apr. 10 ’
Jul. 19
Oct. 27
Dec. 66

1809 san. 0 175 57,160 -1-14 37 7,91
48, 40 Apr. 10 57,089 7,89
49, 75 Jul. 19 57,015 8‚38
49,15 οοι. 97 56,987 8,87

41,59 06666 56,856 9,80

 

 

