374

“ Tabulae X. Sect. lv. α Oanis maforis.

1810 san. o 636 46326 -1‘6 28 1228 1820 san. 1 63712701 -16282831
46,646 Apr. 10 12782 2836
46564 Jul. 19 12862 28,48
46,481 oct. 27 12942 2266
46,396 Deo. 66 12022 2292

1811 Jan. 0 636 42068 -1628 5,92 1821 san. 0 63715,639 -16283331
Apr.1o 48‚983 5‚79 p . ‚ 33‚62 ¹
Jul. 19 48‚9oo 5,58 . , 3299
06327 42817 5,30 . , 34,42 ,
Dec. 66 42736 4,94 . , 3292

1812 Jan. 1 6 36 51,4o7 -16 28 9,51 1822 Jau. 0 6 -37 18,56Ο -16 28 39,23
9,11 Apr. 10 18,629 39,76
8,64 Jul. 19 18,693 40,ὃό
8,11 Oct. 27 18,752 4o,99
7,52 Dec. 66 18,807 41,67

1813 Ϊαιι. 0 6 36 53,778 -16 28 12,18 1823 Jan. 0 6 37 21,433 -1628 45,93
Apr. 10 53,713 11,55 p . 21‚485 46,ae
Jul. 19 53‚654 10,88 . 21,530 47‚87
{33:22¹ 23:221 ¹⁰³⁷ ·. Ξίῑὲἓῗ Ξὲῑὲὲ

1814 Jan. 0 6 36 56,213 -16 28 14,13 -16 28 53,16
Apr. 10 56‚170 13,36 p . , 53‚97
Jul. 19 56‚135 12,57 . , 54,78
Oct. 27 56,107 11,76 . , 55,60
Dec:66 56‚086 10‚93 . , 56,42

1815 san. 0 6 36 58,736 —16 28 15,67 -16 29 0,65
58,720 14,85 p . 26,945 · 1,47
58,712 14,03 , . 26338 227
52712 1222 . 22923 3,04
58,719 1241 . 3,80

1816131111. 1 6 37 1,359 -16 28 17,15 1826 Jan. Ο 6 37 29‚553 —16 29 8,Οό
Apr. 10 1,371 16,36 Apr. 10 . 29‚526 8,78
Jul. 191 1,391 15,60 Jul. 19 29‚491 9,4⁷
Oct. 27} 1,417 14,88 Oct. 27 22450 1ο,12
Dec. 66 Ι 1,451 14‚19 · lDec. 66 29‚401 10‚72

1817Jan. 0 637 4,083 -162818,89 1827 Jan. o 63732062 -1629;15,03
Apr. 10 4,121 18,23 Apr. 10 32009 15,59
Jul. 19 4,165 17,62 Jul. 19 31,951 16,09
Oct. 27 4,215 17,06 06227 31,687 16,53
Dec. 66 4,270 16,56 Dec. 66 31,818 16,9o

1818 san. 0 637 6,895 -162821,19 1828 san. 1 63734‚486 -162921,29
p 6,955 .20,73 Apr. 10 32414 21,61
7,018 20,33 Jul. 19 34,338 21,86 .
7,085 20,οο Oct. 27 34,259 2203
7,155 19,73 Dec. 66 32178 2213

1819 Jan. Ο 6 37 9,777 -16 28 24,29 1829 Jan. 0 6 37 36‚849 -16 29 26,62
9,851 24,07 Apr. 10 36,766 26,66
9,927 2392 J ul. 19 86,682 26,62
10‚004 23,84 Oct. 27 36,598 26,50 '-
10‚o84 . 23,84 Dec. 66 86,514 26,31

 

