Tabula VIII.
1827.

Log. Α Log. B Log. C Log. D ῃ Log. τ

93347 030907. 13999
93851 03067 7. 13790
93275 03723 7. 13426
93626 138127. 13878
93915 'f 13569 7. 13095

93153 13093 7. 03971
93350 13438 7. 03268
93520 136327. 03187
93674 136907. 937677.
93823 13619 7. 03628 7.

93977 13415 7. 03447 7.
93143 - 13068 7. 13047 7.
93324 135567. 13113 7.
93520 13835 7. 13862 7.
93729 , 03822 7. 13391 7.

93946 03338 7. 13751 7.
93166 03867 7. 13969 7.
93383 93038 7. 13061 7.
93591 0,·3573 1530327.
93784 03236 138827.

, 93961 03118 13600 7.
93119 13339 131687.
93257 13196 13550 7.
93376 , 13809 13681 7.
93478 13240 034307.

93566 13519 034677. ,
93645 13664 03454.. , ,
,93719 13682 03911
93793 13572 03688
93872 13324 03019

93959 13920 13442
- 03057 13323 13413
03166 13469 13098
03285 03225 13573
03411 03260 13879

03541 03229 13037
· 03669 03741 7. 13056
03793 034747. 13938

 

