248

Tabulae Χ.γ Seni. ΙΙ. ,α Herculis.

1770 san. 0 {⁵7 411029 410440 521 1780 san. 1 1²¹7 43'1'3,682 4141191206
ι Apr. 10 11,ooo 7,62 p 36,731 14,32
Jul. 19 10,963 8,-42 36,786 13,61
oct. 27 10,920 9,20 - 36,846 1294
08266 10,869 9,96 36,912 1231

1771 Jan. 0 17 413,615 -1-1440 4,91 1781 Jan. 0 17 439‚61,8 414 39 7‚75
Apr. 10 13‚560 5 65 p 39‚6·86 7‚15
Jul. 19 13,5ΟΟ ¹ , 39‚757 6,61
Oct. 27 13,434 , 39,832 6,13 ”
Dec. 66 13,363 7‚60 39,910 5,7Ο

17721611. 1 17 416,116 -1-1440 260 17821211. o 17 442612 -1-1439 1,07
Apr. 10 16,ο42 3,17’ Ἀρι 10, 42692 0,69
Jul. 19 15,964 3,68 Jul. 19 , 42772 0,37
oct. 27 15,884· 4,12 06127 42854 0,12

Dec. 66 15,8ΟΟ 4,51 Dec. 66 42,936 38 59,93

1773 Jan. Ο 17 4 18,557 ÷14 39 59‚59 1783 Jan. Ο 17 445,638 ÷14 38 55,23
Apr. 10 18,472 ” 59,92 Apr. 10
Jul. 19 18,386 40 0,18 Jul. 19 ρ
Oct. 27 18,300 0,36 oct. 27
Dec. 66 18,214 0‚47 Dec. 66

1774 Jan. O 17 4 20,972 -1-14 39 55,6 1784 Jan. 1 17 4 48,662 -ι- 14 38 50,32
Apr. 10 20,886 55,71 Apr. 10
Jul. 19 2Ο,803 55,69 J ul. 19
Oct. 27 20,722 55,59 Oct. 27
Dec. 66 20‚644 55,41 Dec. 66

1775 Jan. 0 17 422399 -1-14 39 50,69 1785 Jan. 0 17 451,655 -1-14 38 46,39 -
Apr. 10 22323 50,46 Apr. 10 51,718 46,77
Jul. 19 22252 50,16 Jul. 19 513775 47,21
oct. 27 22186 49,79 oct. 27 51,827 47,71
Dec. 66 22125 4235 nec. 66 51,873 48,27

1776 Jan. 1 17 425,874 -1-14 39 44,72 1786 Jan. o 17 454‚588 -1-14 38 4233
v Apr. 10 25‚817 4424 Apr. 10 54,630 4293
Jul. 1 25,767 43,7ο Jul. 19 54‚665 44,57
oct. 27 25,724 4211 oct. 27 54,693 45,25,
De0.661 25,687 4246 06266 54,714 4298

1777 san. 0 17 422427 -1-143· ·7‚9o 1787 Jan. 0 17 457,437 -1-1438 40,99
Apr. 10 28‚395 37,22 · Apr. 10 57,453
jul. 19 28,371 36,50 Jul. 19 57,462
οοε. 27 22355 35,76 oct. 27 57,463
Dec. 66 22346 34,99 Dec. 66 57‚456 ·

1778 Jan. 0 17 4320771114 39 30,47 17881611. 1 17 5 0,188 ,41438 3210
Apr. 10 31,073 29,67 p . 0,176 3292
Jul. 19 31,077 2287 . , 0,156 40,73
06127 32083 28,06 . 0,129 41,54 j

1)(30.Ι 66 27,24 . Ο,094 42,35

1779 Jan. 0 17 433,830 ÷14 39 22,74 1789 Jan. Ο 17 5 2,835 ÷14 38 37,35 ⁴
Apr. 10 33‚855 21,93
Jul. 19 33,886 21,13
Oct. 27 33,924 20,δό
Dec. 66 33‚969 19,58

 

