Tabula vm·
1811.

Log. Α Log. Β Log. Ο Log.D

wwwwww

00814 09827 05094 n 1,2999 6,oe
06466 09780 08069 η 1,2790 , ο,οο
08716 09707 09724 η 1,2426 , ο,οο
00071 09616 1,0818 n 1,1878 ’
00992 09518 1,1569 η 1,1094

01657 09424 1,2098 η 09971
02162 09846 1,2488 n 08267
02568 09295 1,2682η 05185
02917 09276 1,2690 η 02786 η
08248 09298 1,2619 η 05629 η

08569 09840 1,2415 n 0‚8447 η
08907 09412 1,2068 n 1,0047 n
04264 09498 1,1556 η 1,1118 n
9‚4638 09587 1,0885 η 1,1862 η
05022 09670 09828 n 1,2891 η

05408 09786 08889 n 1,2751 η
05785 09779 05870 η 1,2969 n
9‚6145 09796 09058 n 1,8ο61 n
9‚6479 0‚9783 08567 1,8088 n
06788 09741 07288 1,2882η

07054 09674 09117 1260071
07290 09587 1,0888 1,2168 η
07498 09488 1,1195 1,155οη
07665 09885 1,1809 1,0682 n
07811 09290 1,2289 09481 η

07986 09214 1,2519 07468 π
08046 09165 1,2664 08456 η
08148 09149 1,2682 00908
08251 09168 1,2572 06688
08860 09219 1,2824 09019

08480 09294 1,1920 1,0442
08614 09881 1,1828 1,1418
08762 09464 1,0468 1,2098
08924 09545 09224 1,2574
09098 09600 07258 1,2880

09266 09626 08228 1,8087
09486 09618 00752 η 1,8056
09597 09575 0647771 1,2987

 

