28⁷

Tabulae X. sect. ΙΠ. α Tauri.

A. R. med. Decl„ med.

mmm

18⁰0 1800 γε’· 19

-1 1790 488 5’8,8888 ..- 1‘1'3 4'1'9‚399

-1 1791 88 567148 4 87,891

-1 1798 84 0,1409 4 85878

8 o 1793 84 85678 4 48861
8 o 1794 84 6,9986 4 51889
1795 84 10,4801 4 59 ,818

3 o 1796 84 188467 5 7 ,881
0 1797 84 178784 5 15 ,845
ο 1798 84 8ο,7οο8 5 88’ ,805
0 1799 84 84,1871 5 81,160
0 1800 84 87,5541 5 89,111
1801 84 809818 5 47’ 057

0 1808 84 84,4084 5 54, 998
0 1808 24 37‚6357 6 8’ 985
o 1804 24 41‚2632 6 1ο,867
0 1805 84 44,69ο8 6 18795
0 1806 84 48,1185 6 86,718
1807 84 515468 6 84,686
84 54,9748 6 48,55ο

84 584088 6 5ο,459

85 1,8808 6 58864

18η.041,210-
1041,184-
2041,119-
80 41,-ο17 1,
Εεὺτη940884 -,1

Man. 1 ÷o’ 558- 17, 1
11 40, 885 -1,’7 o -
81 40, 818- 15, 8 -
31 ÷0‚ 069 -18,6 - 1,

-.‚Apr10-oo54-1o‚5- 1,1
80 -0,ζζ141-67-18
80 -ζζο,188-84-1
Μ83.ζζ1ο.-ο188.ι.88-1ζ
8ο-0,ζζ14847ο-0

44444 44444 444

30 -0,Ο49 411,6 - Ο,
Jun. 9 40, 089 415, 9

19 40, 269 419, 8

29 40, 485 423, 2
Jul. 9 40, 732 426,

&Mat-⁴00 μμίθωυο nouom-⁴3

19 41,004 428,
29 41,293 429,
Aug. 8 41,594 430,

Diei reducto addendum est:

ωμρρμ ωρὲἓβ μφμρρ ωμωοομ Μωωωωω ωωῃμω

ante

post ἔ Maj. 29 ἲ

88 48809 480,

Sept. 7 ÷2‚513 ÷30,
17 ÷2, 809 489,

0
1
5
5
18 41,902 430, ‚g
O
Ο
7

27 43, 093 427,
oct. 7 43, 363 426,1
17 43, 615 424,ss 410, 18

οῷωωη aqkmm mqmaeoe mmmmm* “nmmvoew mmmm&

4444 44444 4444
44444 44444 44444 44411

2743,848422,1 410,314 0,7
Nov. 644,057419,6 410,32- 0,4 0-5
1644,239416,7 410,24- 1,2 0-5
26 44,391 413,6 410,08- 1,8 41 -6
Dec. 644,,5104100 4 9,88- 2,2 42-6

16 44, 591 4 6,
26 44, 632 4

ἡ
3644,632- 2,Ο

In menss. Jan. et Febr. annorum bissextorum legitur dies insequenS.

 

