Tabula an
1833.

Log. Α Log. Β Log. Ο Log. D

WWWQN

9‚4714n o,6315 o‚5089n 12999
9,4182 n o‚6129 o‚8066 η 12791
9,8614η 0·,5874 0,97224, 12426
92025 n o‚5560 1‚o812 η 1,1879
92422 n 0,5207 1,1569 n 1,1095

9,1814 n 0,4848 12098 η 0,9972 92852
92179 n o‚4503 12488 η 02269 82144
9,0552η’ 0,4225 12682η 02188 92818
82888 η 0,4048 12690 η 92759 η 92893
829747. 02972, 126197. 026287. 92905

82818 η 0,4009 12415 n 02447 η 9,4862
82005 n 0,4182 12068 η 1,0048 n. 9,4776
82199 n 0,4802 1,1556 n 141114 n 92154
72886 0,4484 128847. 1,1862η 92502
82889 0,4642 0,9822 n 12891 n 9‚5824

8,8489 0,4750 02888 η 12751 n 9,6128-
92188 0,4788 028667. 12970 η 9,6404
92448 0,4741 9,9088 n 1‚3061 η 9,6667
92428 0,4599 02575 12082 η 9,6915
92207 0,4855 02287 12882η 92150

. 92844 0,4006 0,9119 12600 n 92878
9,4864 02552 1,0840, 12167 n 92585
9,4788 02998 1,1196 1,155οη 92787
9,5187 02868 1,1809 1,0681 η 92980
9,5425 0,1679 12240 0,9480 n 92164

92668 0,1007 12519 024667. 92842
9,5881 0,0484 12664 02458 n 92512
9,6076 0,0059 12688 0,0911 92676
9,6266 9,9952 12572 02688 92884 ,
9,6462 0,0108 12825 0,9019 92986

9,6671 0,0452 1,1920 1,0442 9,9184
9,6896 0,0874 1,1828 1,1418 9,9276
92187 0,1276 1,0469 12098 9,9414
92890 0,1586 0,9225 · 12578 9,9547
92650 0,1756 02261 12879 9,9677

’ 92908 0,1750 02281 12087 9,9808
92156 0,1584 0,0787η 12056 9,9925
92889 0,1071 02478 n 12988 0,0044

 

