256

     
           
         
     
         
        
           
     
             
       
       
       
         
           
            

Tabulae X. Sect. II. a Aquilae.

  

   
   
     

 

 

 

 

 

         
   

    

 

 

   
     
        
    
       

  

 

 

1770166. 016 39 322486 -1- ἓ1’6 4ὅ37 1780566. 11640 1388 -ι- ‘81'75'7‚19
116610 34,462 41,01 Apr. 10 2035 5271
361. 19 32430 4130 161. 19 2087 5229
061. 27 34390 4214 061. 27 2145 5294
06666 34342 4262 06666 2210 5265
1771166. 019 39 32288 -ι- 816 5138 17811166. 01940 2117 -ι- 818 439
Apr. 10 32236 5272 Apr. 10 2185, 435
161. 19 32177 5210 36119 2257 4,17
061. 27 32112 5241 061. 27 2331 4,06
066. 66 32041 5265 06666 5,412 4,02 >
1772366. 119 39 32995 ÷ 817 139 1782166. 01940 8315 -1- 8181288
Apr. 10 32920 1,58 Apr. 10 2397 1289
361. 19 32841 1,70 1297
061. 27 32758 1,74 1212
06666 32672 1,70 1234
1773166. 019 39 42630 ÷ 8171254 1783366. 0194011353 -ι- 8182211
Apr. 10 42542 1246 Apr. 10 · 11,638 2237
361. 19 42452 1030 361. 19 * 12723 2270
061. 27 42362 1206- 061. 27 11310 2209 ,
06666 42270 275 06666 11397 2254
1774366. 019 39 42230 -1- 8171269 1784166. 1194012798 -1- 8183225 ’
Apr. 10 42138 1234
361. 19 42049 1292

061. 27 44365 1244
06666 44376 1289

1775366. 0193942833 ÷ 8172291 1785366. 019-4012019 ÷ 818 4214
Apr. 10 42750 2533 4280

361. 19 42671 24,71 4430
061. 27Δ 42697 24,04 4222 2
066. 66ρ 47,528 2233 4298

  
       
               
         

 

      

   

 

 

 

      

            

 

    
 
  

   
    

1776 366. 1119 39 52479 -1- 8 17 3240 1786 366. 0 19 40 21,181 ÷‘ 8 18 54‚59
Apr. 10 52413 3137 Apr. 10 21331 5536
361. 19 50355 3291 161. 19 21374 5214
061. 27 50303 3214 061. 27 21310 5293
06666 52258 2235 06666 21340 5272
1777 366. 0 19 39 52201 ÷ 8 17 3245 1787 366. 0’19 40 24360 4. 8 19 632
Apr: 10 52161 3265 Apr. 10 24384 211
161. 19 52129 3285 161. 19 24300 289
061. 27 52105 3206 061. 27 24308 265
06666 52089 3228 06666 24308 939

 

 

    
 

  
                 
             
           
     
                

   

 

 

 

     
       

 

 

 

 

 

 

  

 

 

 

 

1778 366. 0193952022 ÷ 817 4438 1788366. 1 19 4022238 4 8191202
Apr. 10 52012 4261 Apr. 10 22232 1274
161. 19 52009 4286 361. 19 22218 1242
061. 27 52014 4215 061. 27 22196 2207
06666 52027 41,46 06666 22165 2267

1779 366. 01939 52952 -ι- 8175252 1789166. 01940321051-1- 8192936
Apr. 10 52971 4286 Apr. 10 32069 2293
361. 19 52998 4225 361. 19 32026 3244 »
061. 27 52032 4268 1061. 27 22976 3289
06666 52074 4217 Ιο66. 66 22919 3138

      

    

