⁸ 373

5 Tabulae X. Soet. IV. α Orionis.

1 82⁰ 1820 var· ¹⁰ A. R, med. Decl. med.

annor.
w x-ae-xsxae m

san. 0 4-1’,852 4- 6,4 -ί80- 8,7 4.1-1 1810 ἒ445ἓ,2868 4 321' 8'5‚⁷⁷7
1o÷1‚393 4- 1,8 -2,18- 7,8 41-1 1811 4456,5817 2189290
, 2ο 41288- 2,8 -2,85- 6,6 42 -1 1812 44592766 2140298
8ο 41,888 - 7,1 -8,45 - 5,4 42 -1 1818 45 8,0215 2141,701
Febr. 9 41247 -1ο,9 -8,98 - 4,8 48 -11814 45 62665 21 42,999
1815 45 9,5114 21 44292
19 41,121 -18,9 -4,8ο - 82 48 -1 1816 45 127564 21 45,581
Mart. 1 ÷O,969 -16‚1 -4‚56 — 2,1 48 -1 1817 45 16,0015 21 46265
11 40299 -17,8 -4,71 - 1,1 48 -1 1818 45 19,2466 21 48,145
21 4ο·,628 -17,4 -4,77- 0,1 48 -1 1819 45 22,4917 2149,420
81 4ο,451 -16,5 -4,78 4 1,ο 4-8 -1 1820 45 252868 21 50,69ο
1821 45 282820 21 51,955
Apr. 10 40298 -14,6 -4,58 4 2,0 48 -1 1822 45 822272 21 58,216
20 40,159 -11,9 -4,88 ,1 48 -1 1828 45 85,4724 2154,472
8ο 4-0,ο55 - 8,6 -8, 7 ,2 42 -1 1824 45 88,7177 2155,728
Maj. 10 -0,012- 4,7 - 8, ,4 42 -1 1825 45 412680 21 56269
20 -0,ο89 - 0,6 - 2, ,5 41 -1 1826 45 452088 21 58211

,7

,7

,6

‘0012‘0

1827 45 48,4587 21 59248

30 -04024 4 3,7 - 2, 41 -1 1828 45 516991 22 0,680
Jun. 9 ÷o‚034 4- 7,9 ..-
19 4ο,188 4.11,8

29 40270 4 15,4

Jul. 9 -1-0,442 ÷18

μ

45 542445 22 · 1,907
45 58,1899 22 8,18ο

,μὸἳὲἳω

2

ρρωωη mmmm

μμ

9
9

19 40,648 421 5
29 40271 4282
13 5148 254
28 ᾙ1ζ661 ἶ28ζ1

Diei reducto addendum est:

ante ἕ Jun. 17 ς
post

,μρμὲ ρμφὲἓ
89 μοιβ
1, w„
ἑ» kk,

{22
11,

Sept. 7 41,946 428‚8
17 4223ss 4220
27 -1-2,526 4299
Oct. 7 ÷2‚815 4285
17 43999 ÷27‚9

27 48878 4-26,8
Nov. 6 48,684 4252
16 48276 428,0
26 44298 4202
Dec. 6 44282 417,1

16 44,435 4133,
26 4-4,548 4 92
86 44,618 4 4,7

mm
ιιι44 44444 Ϊ4444 4444

aeffizz'ffofi 5333&ae

„0 03* μμ ιβξ-Ὶὶοὲ) pom->² *²00³ νΦυΟἱοορ-ξὶομ υΗῚΟ 0 μ
Ὦ

ι44 44444 44444 44444 441

9

In mensasshn. et Febr. annorum bissextorum legitur dies insequem.

 

