232

Tabulae X. > Sect. Π. ’,8 Virginis.

1

1770 Jan. 01113843876 -ι- 3 33020 17801111. 1113913374 -1- 3 ὀ2ὀ,22
Apr. 10 43,844 ‚ Apr. 10 13328 19,94
Jul. 19 43,804 ⁰ ‚ Jul. 19 13‚389 19,62
061. 27 43355 , ν - oct. 27 13,455 19,25
011666 43,699 ⁰ , Dec. 66 13528Ι 18,84

17711111. 011138 46,844 -1- 3 310,62 17811111. 0113916628 ÷ 259 5831
Apr. 10 46383 10,94 Apr. 10 16304 58,28
Jul. 19 46,715 11,31 Jul. 19 16,784 57,81
Oct. 27 46,642 1132 oct. 27 16368 57,31
Dec. 66 46,562 12,18Ι · Dec. 66 16355 5637

1772 Jan. 1 11 38 49314 ÷ 3 2 5134 1782 Jan. 011 39 2ο,ο50 -1- 2 59 36,68
Apr. 10 49,631 5223 Apr. 10 20,139 3633
Jul. 19 49,544 5235 Jul. 19 2ο,229 35,57
Oct. 27 49, 454 53, 30 oct. 27 20, 321 34, 99
Dec 66 49, ’360 53, 88 Dec. 66 20, ’414 34, 39

1773 Jan. O 11 38 52, 516 -Ι- 3 233, 41 1783 Jan. 0 11 3923, 507 -ι- 2 59 14, 31
Apr. 10 52, 420 34, 00 Ap r. 10 23, 600 13, 71
,111119 52, 324 34, 61 ,1111.19.23,692 13,11
Oct. 27 52, 228 35, 23 oct. 27 23, 782 12, 51
Dec. 66 52, 131 35, 87 Dec. 63 23, 870 11,91

1774 Jan. Ο 11 38 55, 288 -Ι- 3 2 15, 38 1784 Jan. 1 11 39 26, 965 -1- 258 51,83
Apr. 10 55,191 16, 02 Ap r. 10 27, 052
Jul. 19 55,097 16, 65 Jupl. 19 27,135
Oct. 27 55,006 17,27 Oct. 27 27, 214
Dec. 66 54,918 17,88 Dec. 66 27,288

1775 Jan. Ο 11 38 58,Ο72 -ι- 3 1 57‚4O 1785 Jan. Ο 11 39 30,388 -ι- 2 58 29,47
Apr. 10 57,986 58,00 Apr. 10 30,460
Jul. 19 .. 57,9Ο6 58,57 Jul. 19 3Ο,525
Oct. 27 57,831 59,11 Oet. 27 30,584
Dec. 66 57,762 59,62 Dec. 66 30,637

17761111. 1 1139 0309 -1- 3 139,18 17861111. 01139 33345 .÷ 258 7,45
- Apr. 10 0,844 39,67 Apr. 10 33393 ,7,06
Jul. 19 0387 40,12 Jul. 19 33,833 632
oct. 27 0337 40,52 Oct. 27 33366 6,43
061166 0,695 4ο,88 061166 33,891 6,18

1777 Jan. 01139 3833 -1- 3 120,49 17870111. 0113937,008 4- 25745,98
Apr. 10 3396 20,81 Apr. 10 37,027 4537
Jul. 19 3368 21,08 jul. 19 37‚038 45,62
oct. 27 3348 21,3ο 01127 37,ο40 45,51 ,
Dec. 66 3337 21,47 Dec. 66 37333 45,45

1778 11111. 01139 6,865 ÷ 3 1 1,14 17881111. 111394ο,161 -1- 25725,19
Apr. 10 6,860 1,27 p. , ,
Jul. 19 , 6,863 1,34 , ,
oct. 27 6,876 135 , ,
Dec. 66 6,897 1,31 , ,

ffilhn. 0 1139 10,014 -ξ- 3 041,05 1789 Jan. 0 113943,197 -1- 257 5,15
Apr. 10 10,041 40,97 Apr. 10 43,153 5,30

Jul. 19 10‚075 40,84 · Jul. 19 43,102 5,61
oct. 27 10,117 4ο,65 oct. 27 43,ο43 5,91
Dec. 66 10,166 40,41 1›‹÷c.66¹ 42,977 6,27

 

