424

Tabulae X. Seot. IV. a Piscis austrini.

h r
1810 Jan. Ο ff
Apr. 10
Jul. 19
Oct. 27
Dec. 66

1811 Jan. O 22 47 1Ο,698
Apr. 10 10,594
Jul. 19 10‚495
Oct. 27 10,401
Dec. 66 10,311

-30 37 1226
15,87
1250
17,14

59,4Ο
37 0,Οὸ
0,69
1,33

-30 36 42,29
42,9 1
43,5 1
44,Ο7
44,61

-30 36 25,61
2212
2259

12593
12520
12450
13,387

1813 J an. Ο 22 47 16,750
Apr. 10 16,693
Jul. 19 16‚646
Oct. 27 16‚607
Dec. 66 16‚578

1815 Jan: 0 22 47 22240
Apr. 10 22255
Jul. 19 22279
Oct. 27 22312
Dec. 66 22355

1816 J an. 1 22 47 26,682
Apr. 10 26,730
Jul. 19 26,787
oct. 27 26,852
Dec. 66 26,924

-30 35 3208
3201
31,89
31,72

-30 36 8,45
8,80
9‚1o
9‚34

1ιῇ 19
Oct. 27
Dec. 66

-30 35 1274
1248
1217

1819 san. 0 22 47 37597
Apr. 10 ¹ 37,701
Jul. 19 37,805
Oct. 27 32908
Dec. 66 38,011

-30 34 5271
5228
51,81
51,31
50,77

9,53

-38 34 3’2,12
3156 -
30,98
3239
2277

-30 34 1 1,14
10,52

290

9,28

265

-30 33 50,02
4240
4280
4221
47,64

-30 33 2299
2244
27,92
27,44
2299

-30 33 229 ”
7,87
7,50
7,17
289

-30 32 4214
47,9ο

san. 1 22 4’7 41318
Apr. 10 41,420
Jul. 19 41,519
Oct. 27 41,614
Dec. 66 41,705

1821 Jan. 0 22 47 45,Ο16
Apr. 10 45,105
Jul. 19 45‚187
Oct. 27 45,264
Dec. 66 45,335

1822 Jan. Ο 22 47 48,653
Apr. 10 48,719

J ul. 19 48‚777

· Oct. 27 48,827
Dec. 66 48,869

1823 san. 0 22 47 52196
Apr. 10 52231
Jul. 19 52259
oct. 27 52276
Dec. 66 52284

1824 Jan. 1 22 47 55,623
Apr.1o
J ul 19
Oct. 27
Dec. 66

1825 Jan. 0 22 47 58, 922
Apr. 10 58, 888
Jul. 19 58, 845 47,71
Oct. 27 58, 793 47,59
Dec. 66 58 ,732 47,52 ,

Jan. 02248 2094 -30 32 2269
Apr. 10 - 2028 2266
Jul. 19 1,954 2269
oct, 27 1,874 2279
Dec. 66 1,786 2294

1827 san. ο 22 48 5,156 -30 32 10,04
Apr.10 5,064 10,23

Jul. 19 4,968 10,48
4,868 10,78

’4,763

1828 Jan. 1 22 48 8,138
Apr. 10 8‚031
Jul. 19 2924 53,oe
Oct. 27 7, 815 53, 48
Dec. 66 7, 706 54, 00

1829 Jan. 0 22 48 11, 082 ξ-3ο 31 34, 97
10, 973 35, ’52
10' 867 3210
10, ’764 36’ 70
10,663 37,33

-30 31 5217
5256

 

11,14 x

