486

Tabulae X. Sect. V. α Her-enlin.

1880 san. ο 1’7 653790 111363346- 1640 san. 1 1¹⁸7 7'2i'‚594 41431196‘81
Apr. 10 53,706 , Apr. 10 21‚669 30,49
161. 19 53624 , Jul. 19 21,740 30,73
oce. 27 53,545 , 06627 21,607 31,05
116666 53469 , 116666Ι - 21,671 31,43
1631 san. 0 17 656224 -1-14 35 2651 1841 Jan. 0 17 724561 -114 3426, 76
Apr. 10 56,151 , Apr. 10 24,642 27’ 19
Jul. 19 56,083 , Jul. 19 24696 27,67
061. 27 56020 , 061. 27 24,745 26, ’21
1166661 55‚963 , Dec 66 24, 767 26, ’61

1832 Jan. 1 17 6 58,712 4 14 35 22,59 1842 Jan. 0 17 7 27, 504 ÷ 1434 24, 07
Apr. 10 58,659 22,06 Apr. 10 27, 543 24, 70
Jul. 19 58,612 21,48 Ju1.19 27, 574 25, 37
Oct, 27 58,573 20,85 001127 27,598 26,Οὸ
Dec. 661 58,540 20,17 Dec. 66 27, 615 26, 83

16331166 ο 17 7 1,261 -1-14351564 1643 san 0 17 730, 341 .ι.143422,05
Apr 1οῑ 1,254 15,14 Ap ι 10 22, 32
161 19 1,234 14,40 . 161 19 23,61
061. 27 1,222 13,64 oct. 27 , 24,41

Dec. 66 1,217 12,84 Dec. 66 2533

1834 Jan. 0 17 7 3,949 -1-1435 8 ,54 1844 Jau. 1 17 733,Ο78 414 34 20,43
Apr. 10 3,950 7, 74 Apr. 10 33,062 21,25
Jul. 19 3,)58 6 9,3 J 111 19 33‚038 2297
Oct. 27 3, 974 6,12 Oct. 27 33,006 22,88
Dec. 66 3 ,998 5 ,30 Dec. 66 32,967 23,68

1635 san. o 17 7 6,721 -1-’1435 1,02 1645 Jan. o 17 735,712 .1-143416,69
Apr 1οΙ 6, 749 0, 21 116610 ·35,666 19,66
Ju1.19 6’ 764 34 59, ’42 Jul. 19 35,616 20,43
oct. 27 6626 56,65 061. 27 35,562 21,15
Dec. 66 6,675 57,9ο . 1166 66 35499 21,63

1636 Jan. 1 17 7 9,569 -1-14345359 1646 Jan. ο 17 736252 .1-143417,ο9
Apr. 10 9,642 5267 Apr. 10 38,185 17,74
Jul. 19 9,699 52,19 161. 19 88,115 16,34
061. 27 9,762 51,55 061. 27 36040 16,66
116666 9,629 5ο,95 96666ί 37,961 19,36

1837 Jan. θ’ 17 7 12,537 ÷14 34 46,59 1847 Jan. O 17 740,719 ÷1484 14‚7o
Apr. 10 12,608 , Apr. 10 4o,637 . 15‚14
Jul. 19 12,681 , Jul. 19 40‚554 15,51 ’
Oct. 27 12,758 , oct. 27 40,469 15,81
Dec. 66 12,837 , Dec. 66 40,383 16,03

1636 san 0 17 716541 -1-14 34 4ο,27 1646166. 1 17 743,144 -1-143411,46
662 116
42666 11,75
42,604 11,69

1639 san 0 17 7 16, 570 -1-14 34 34, 61 1649 Jan. 0 17 745,563 .ι-14 34 7,22
16, ’653 34, 72 Αρι. 10
16 ,733 34’ 71 Jul. 19
18, ’612 34,77 061. 27
16666 34,90 ,116666

 

 

