’ 124

Tabulae X. 80001. y Pegasi.

1750 san. o ’ὀ ό 21384 4111474246 1760 san. 1 ’ὁ ὁ 52096 4135114262.
Apr. 10 24413 4256 Apr, 10 53,094 47‚70
Jul. 19 24433 4260 101. 19 52101 4283
001. 27 24444 4258 oct. 27 52117 4202
Dec. 66 24‚446 40‚51 Dec. 66 53,140 48‚26

1751 Jan. Ο Ο 0 27,518 -1-13 48 0,58 1761 Jan. 0¹ 0 0 56,204 -1-13 51 8,21
Apr. 10 0‚46 Apr. 10 56,234 8,49
Jul. 19 0‚30 Jul. 19 56,271 8,81
Oct. 27 0,o7 Oct. 27 56,316 9,17
Dec. 66 47 59,79 Dec. 66 ⁴ 56,368 9‚58

¹ 17521011. 1 Ο O 3053ss -1-13 48 19,93 17621211. 0 0 Ο 59,422 -1-13 51 2247
30‚498 19,62 Apr. 10 59‚479 29,91
30‚454 19,26 1111. 19 59‚542 3038
30‚402 18,85 Oct. 27 59,611 30,δὸ
30,342 18,40 . Dec. 66 59‚686 31,41

1753 san. 0 0 0 33‚435 413483859 1763 Jan. o o 1 2733 -1-13 51 51,26
Apr. 10 33‚371 38‚11 Apr. 10 ,2811 5481
101. 19 32300 37,60 101. 19 2892 5237 ,
Oct. 27 32224 37,06 . oct. 27 2977 -5295 ’
1100. 66 32141 3248 1100. 66 3,066 5255

1754100. 0 0 0 32241 ,1-13 48 5271 1764 Jan. 1 o 1 6‚109 4135212311
Apr. 10 32155 56,12 Apr. 10 2200 1298
101. 19 36‚066 5252 101. 19 2292 1458
Oct. 27 32974 5490 oct. 27 2385 1218 >
1100. 66 32878 5426 1100. 66 2479 15,77

1755100. o ο ο 32982 -1-13 491451 1765 san. 0 0 1 9,521 -1-13 523261
Apr. 10 32885 1288 Apr. 10 9614 3220
101. 19 38‚788 1225 101. 19 2705 36,77
Oct. 27 32690 1263 oct. 27 2795 37,32

- Dec. 66 38,593· 12,02 ιΒεο. 66 9‚884 37‚86

1756100. 1 0 0 44698 415 49 3226 1766100. 0 o 1 12927 -1-13 52 57,72
Apr. 10 41,602 31,66 Apr. 10 12014 58,24
101. 19 44508 31,09 101. 19 12097 58,72
Oct. 27 44417 3255 00027 12175 5217
1100. 66 41,33ο 3203 1100. 66 12249 . 5258

1757 Jan. 0 o ο 44432 -1-13 49 5224 1767100. 0 0 1 12298 413531249
44349 4275 Apr. 10 16‚369 · 1288
44269 4230 101. 19 16,433 2222
44196 4289 Oct. 27 16,491 2251
44129 4253 110066 12542 2276

1758100. o 00 42223 -1-13 50 268 1768100. 1 o 1 19,599 413 53 4272
110010 47,161 235 Apr. 10 12645 4293
Jul· 19 47‚106 8‚08 Jul. 19 12683 4409
oct. 27 42059 7,86 Oct. 27 12713 4419
1100. 66 47,020 7,69 1100. 66 12736 4425

1759 11111. 0 O Ο 50,1,Ο4 ÷13 50 27,78 17691811. Ο O 1 22,802 -1-1354 1,27
Apr. 10 5o‚071 27,65 Apr. 10 22,818 1,28
1111. 19 5o‚o46 27,58 Jul. 19 22,826 1,24
Oet. 27 50,029 27,56 Oct. 27 22,825 1,14
Dec. 66 50,021 27,6Ο Dec. 66 22,815 Ο,98

 

 

