16

Tabella subsidiaria ‘pro formatione argumenti Tabulae
sequentis.

g' Ξ Tempus sidereum 4- 5¹120'.

Ι Temp. sidereum. e
g Horis Grad. g

Μ

Temp. sidereum. Temp. sidereum.

Horis Grad.

-m

Horis Grad.

mms—v-ae «mmm „W

12¹3* 402

544
19 8,8
232
372
520
,20 24
202
352
426
21 40

124

328
472
22 12
120
324
442
592
23 132

282γ

424
562
0 112
252
402
544
1 28
232
372
520
2 24
202
852

2802
2832
2872
2902
2944
2920
3012
3052
3082
3124
3120
319,6
323,ss
3262
3324
3342
3372
3412
3442
3424
3520
3552
3592
22
24
102
132
172
202
244
220
312
352
382

020
021
202
203
204
025
026
027
028
029
210
211
212
213
214
215
216
217
218
219
020
021
022
023
024
025
026
027
028
029
230
231
232
233

ἡ,
2322
426
3 40
124
328
422
4 46
120
324
448
522
5126
220
424
528
6142
226
420
544
7 28
222
326
520
8 24
228
322
426
9 40
124
328
422
10 26
120
324

’ ἔ28
424
462
492
532
562
624
640
672
712
748
724
820
852
822

928.

924
1002
1032
1072
1128
1144
1182
1212
1252
1282
1324
1362
1392
1432
1428
1524
1540
1572

233
234

Ο,35 ’

236
237
238
239
240
241
242
243
244
245
246
247
248
0,49
020
021
022
023
024
025
026
027
028
029
020
021
262
023
024
025
026

ιι 1
10 324
448
592
1113,6
282
424
562
1211‚2
252
402
544
13 82
232
372
520
14 24
202
352
492
15 40
124
328
472
16 12
162
324
448
592
17132
220
424
562
18112
252

15072
1612
1642
1624
1720
1752
1722
1828
1824
1902
1932
1972
2002
2044
2020
2112
2152
2182
2224
2220
2292
2332
2362
2424
2442
2472
2512
2542
2524
2622
2652
2692
272-8
2724

026
027
268
029
270
271
272
273
274
275
276
277
278
279
020
281
022
023
024
025
286
027
028
289
290
291
292
293
294
295
296
297 -
298
299

‘Si locus fixae quaeritur pro tempore siderali τ..- g, Argumentum Tabulae

sequentis est:
ξ dies reductus (Tabb. 1 et ΙΙ) 4— g' -5- ι’
6= O ab initio anni usque ad tempus ubi Aa& = g, postea Ι

vero = -1- 1.

 

