428

Tabulae X. Sect. IV. α Andromedae.

1810 155. o 23 58 3’6’,027 ÷ 2⁶8 2 25, 90 1820111151 23 59 5’, 702 ÷ 2⁰8 5' 4'5', 83
Apr. 10 35,943 29, ’3ο Apr. 1ο 5, 79’3 46, 43
Jul. 19 35,855 28, 68 151. 19 5, ’885 47, ’03
Oct. 27 35,763 28, ’06 ’ 051. 27 5’ ,980 47’ 62
Dec. 66 35,667 27,43 115566 . 6,076 48,22

1811 Jan. Ο 23 58 38,775 -1- 28 2 47,54 1821 Jan. 0 23 59 9,121 -1- 28 6 7,92
3τ·-3 321 23
Oct. 27 9,409 9,61
Dec. 66 9‚5o4 10,14

1812 Jan. 1 23 58 41,485 -1- 28 3 5,18 1822 Jan. 0¹23 59 12,550 -ι- 28 6 29,87

Apr. 10 41,384 4,59 . Apr. 10 12643 3ο,37
- Jul. 19 41,285 4,ο3 151. 19 12733 3ο,84
Oct. 27 41,188 3,50 . 12820 31,27
115566 41,ο94 3,ο1 . , 31,67

1813 155. o 23 58 44200 ÷ 28 3 23,07 1823 155. o 23 59 15,954 ÷ 28 6 51,45
A‘pr. 10 44‚108 2260 , Apr. 10 - 16,ο32 51,82
151. 19 44,ο22 22,17 151. 19 16,1ο6 , 5214
oct. 27 42940 21,79 Oct. 27 16,173 - 5241
Dec. 66 43‚864 21,45 Dec. 66 16, 235 52, 64

18141Jan. 0 23 58 46‚965 -Ι- 28 3 41,47 1824 Jan. 1 23 59 19, 292 -ξ- 28 7 12, 47
Apim 10 , , Apr. 10 19, 349 12, 66
Jul. 19 , , Jul. 19 19, 398 12, 80
Oct. 27 , , Oct. 27 19,439 ’ 12,88,
Dec. 66 , , Dec. 66 19,471 12,90

1815 155. 0 23 58 42813 ÷ 28 4 ο,52 1825 155. o 23 59 22539 -1- 28 7 3281
Apr. 10 49,768 0,42 Apr. 10 22566 3279
151. 19 49,733 ο,38 151. 19 22584 32,72
oct. 27 49,7ο6 ο,39 051. 27 , 22593 3259
115566 49,689 ο,46 115566 22592 3241

1816Ι 155. 1 23 58 52769 -ι- 28 4 2033 1826 155. 0 23 59 25,671 -ι- 28 7 5238
Apr. 10 52757 2244 Apr. 10 25,665 5216
151. 19 52754 2ο,60 151. 19 25,649 51,89
oct. 27 52759 2ο,81 Oct. 27 25,624 51,56
115566 52774 21,ο8 Dec. 66 25, 590 51,18

1817 155. 0 23 58 55,844 -ι- 28 4 40,89 1827 155. ο 23 59 28, 680 4 28 8 11,22
Apr. 10 55‚865 41,19 p . 28’ 640 , 1ο’ ,81
151. 19 55,894 41,53 28, ’592 10’ 37
001. 27 55,931 41,91 -- 28, 536 9’ ,88
Dec. 66 55,976 4234 28, ’471 9, ’35

1818 Jan. 0 23 58 59,Ο37 -1- 28 5 2,10 1828 Jan. 1 23 59 31, 572 -Ι- 28 8 29, 44
Apr. 10 59,087 254 Apr. 10 81, ’502 28, 89
Jul. 19 59,144 3,OE η Jul. 19 31, 427 28 ,32
Oct. 27 59,208 3,54 Oct. 27 31,346 27,73
Dec. 66 59, 279 4, 09 Dec. 66 31,259 27,11

1819 Jan. 0 23 59 2 ,331 -ι- 28 5 23, 81 1829 Jan. 023 59 34,367 -Ι- 28 8 47,22
Apr. 10 2, 405 24, 37 Apr. 10 34,276 46,60
Jul. 19. 2 ,484 24, 94 Jul. 19 34,182 45,98
Oct. 27 2, 567 25,52 Oct. 27 34,Οὸ6 45,35
¹Dec. 661 2,655 26,12 Deo. 66 33,987 44,72

 

