482

Tabulae X. Sect. V. α Serpentis.

1830 san. o 15 8’5 56826 ÷ 6058 428⁷ 1840 san. 1 13 3¹6 26864 4. 3 55 5ῖ,68
Apr. 10 26945 51,56
Jul. 19 24,021 51,55
oct. 27 26094 51,61
06666 24,162 51,74

1881 san. 0 15 85 56457 -ι- 6 57 5669 1841 san. ,0 15 86 26089 ÷ 6 55 8697
56878 5668 p . 4614
56805 5659
56288 5648

56176 5620

1882 san. 1 15 85 56146 -ι- 6 57 41,58 1842 san. 0 15 86 86244 ÷ 6 55 2620
p . 59‚089 41,26 Apr. 10 86285 2661

. 56089 4692 Jul. 19 86818 ,

. 56997 4652 001. 27 86848 ,

. 56962 4606 Dec. 66 86861 ,

1888 san. 0 15 86 1,928 -ι- 6 57 2648 1848 Jan. 0 15 86 86806 .ι- 6 55 1624
Apr. 10 1,898 2698 Apr. 10 86819 1684
Jul. 19 1,872 2648 sul. „19 86828 2647
061.Δ 27 1,860 2684 066 27 86819 21,14
066 66 1,856 2620 nec. 66 86806 2684

san. 115 8686261 -ι-655 690
Apr. 10 86242 . 1662
Jul. 19 86216 11,86
oct. 27 86182 1611
06666 86140 1688

p - ‚
1885 15 86 6801 ÷ 6 57 688 1845 san. 0 15 86 86105 ÷26 55 692 ’

Apr. 10 7,833 56 5668 'Apu 101 86057 1‚69

sul. 19 7,871 5688 Jul. 19 86008 645

- oct. 27 7,916 5618 oct. 27 86942 620

Dec. 66 7,968 57,ὃὸ Dec. 66 38,875 8‚95

, 1886 san. 1 15 86 16900 ’ ÷ 6 56 4689 1846 Jan. 0'15 86 468491 ÷ 6 54 5600

Apr. 10 16957 4615 Apr. 10 41‚777 5674

sul. 19 11‚o19 44,42 Jul. 19 41,701 5642

oct. 27 11,ο87 4671 001. 27 41,620 54,09

Dec. 66 11‚160 4602 nec. 66 41,534 5672

1887 san. 0 15 86 14,085 ÷ 6 56 81ζ5Τ 1847 Jan. 0115 86 46514, ÷ 6 54 4681

p . , 8685 Apr. 10 44,426 4641

. , 8622 sun. 19 44,336 4696

. , ν 2668 001. 27 46245 44,46

. , 2608 Dec. 66 46158 4689

p

-ι- 6 56 1658 1848 san. 1 15 86 46184 ÷ 6 54 8606

1601 Apr. 10 47‚o41 8645

16508 1655 101. 19 46949 8677
16591 1615 Oct. 27 46858 8608
16679 1680 066 66 46769 8628

÷ 6 56 4,18 1849 san. 0¹15 86 46750 -ι- 6 54 2649
687 Apr. 10 46668
662 Jul. 19 46579
644 oct. 27 46500
682 Dec. 66 46424

 

