'rab ula VIII.
1756.

Log. Α Log. B Log. 0 Log- D Lug. τ Ε

ΜΜΜΜΜΜ

88808 n 08667 08108 n 18998
88061 n o,9607 o‚8075 n 18789
88138 n 08519 08788 η ‚ 18484
78306 08418 18815 π 1,1876
8,4901 08897 1,1570 n 1,1091

8,7150 08185 180947. 08967
88459 08090 18438 η 08863
88367 08083 18638 η 08179
98076 08991 18690 n 98858 η
98690 08995 18618 n 08630 η

9,1866 08033 18415 n 08446 η
98838 08098 18068 π 18046 n
98399 08178 1,1556 n 1,1118 η
98964 08868 18836 n 1,1861 η
98585 08338 08885 n 18390 η

98064 08399 0283446 1875οη
9,4574 08434 08879 n 18969 2.
9‚5o47 08440 98105 n 18061 η
98476 08415 08548 , 18033 π
98859 08358 0,7885 18883 n

98195 08874 08118 18601 η
98484 08166 18335 1817οη
98730 08044 1,1193 1,1558η
98938 08917 1,1807 18685 π
9,7118 08799 18838 08434 ι.

9,7861 08700 18518 0,7478 n
9,7398 08631 18664 08463 π
9,7514 08600 18688 08901
9,7635 08609 18578 08688
9,7768 08653 18384 08080

9,7903 08785 1,1919 18443
98058 08818 1,1381 1,1415
98889 08899 18466 18099
98413 08975 08880 18575
98606 08085 0,7851 18880

98801 08043 08808 18038
98998 08088 08789. 18056
98173 08968 08487. , 18837

 

