1 8 ⁴ 0 “ . A. R. med. Decl. med.

·ΜΜ

Jun. 0÷1‚827÷ 3,
‘ 10 41826- 3,
20÷1,764- 9,
30-1-1645—14’5

12, 9 44 - 4 1831 4 13,ο1οο 48 58,ο2ο
1 45 - 4 1832 4 17,4251 49 2429
4 21,8404 49 6,831
4 26,2559 49 11,226
4 30‚6‘7 16 49 15,616
4 35,0875 49 19,999
4 39‚5036 49 24,376
4 43‚9198 49 28,747
4 48‚3362 49 33,112
4 527528 49 37,47ο
4 57‚1696 49 41,822
5 1,5866 49 46,168
fr 6‚oo38 49 5o,508
’ 5 10,4211 49 54,841
5 14‚8386 49 59‚169
5 192563 5ο 3,49ο
5 23‚6742 50 7, 805
5 28,Ο923
5 32,5106

O
2
1

mox
0000
33ae
283

Mart 141028 2-4,4 4,
11 -Ι-Ο, 777 -25, 1 4,
21 40, 526 -24,3 4,
31 40,292 -22,Ο 4,

11144 4444

Apr 1ο 4ο, ο86- 18, 5 47, 27- 1
2ο -ο, 078- 13, 9 4617- 1
3ο-ο 192- 8,5 44,91-1,3

1
9,
6
3
0,
2,
5
7,
0,
1,

Maj.1o -ο,248-2,6 43,57 -13,
2ο 0243436 4219 -,13

Jun. 9-0‚,o47÷158-o‚46 1-2,
19 4⁰,139 421,2 -1,63-11,
294οΗ3774262 -2,65- 9,

Jul. 9÷0‚662 ÷30‚5 -3, 51- 7,

11 4 44444 44444 44

ὶΙΘΜΗ-ὈΗ ὶθῦοοραβθὶ mmmmm
4444 44444 4

00

19 4ο,986 434,ο -4,16 - 5,

29 41341 436,8 -4,62 - ,
413133 33

28 42523 44ο’9 -4'8

3
1,
0,
2,

Sept. 7 42, 934 441,1,0
17 43, 344 440, 7 -4’ ,02
27 43, 747 439, 8 -3, 39
Oet. 7 44,139 438,4 -2, 6
17 44, 515 436,6 -,1 6

,3
2
,7
,6
8
’3
,2
8
1
’8
o
6
7

3ο-ο,1764 9,8 4ο,-83 13,3
:3
'4
6-
6
6
6
4
2
,ο
6
’6
9

4
5,
7,
1 8,
8 9,

4 44444 441

1
2744,,87ο4342 -ο,63 11,1 -
Nov. 645198 4312 4ο, 54 4123 -
16 45, 493 427,6 4182 ...13,3
26 45,749 4233 43, 2ο 4141 ÷1 -10

Dec. 6 ÷5,958 ÷18,3 44,oe ÷14,5 42 -11

Ον-Ν) 00ωρῥρ ιῦ-*νβῆέω

16 46,114 412,8
26 46,213 4 6,9
36 46,251 4 0,7

,46,10 4143 43 -11
47,57 414,5 44 -11
48,99 413,7 45 -10

111 menss. Jan. 81 Febr. annorum' bissextorum legitur dies insequens.

 

29

