294

Tabulae X. Sect. III. α Orionis.

1790Jan. 0Ι 543 49201 -ι- 721 4275 18001au. 0 54426253 -ι- 7213160
Apr. 10 49,129 , ’ Apr. 10 20,338 32,04
Jul. 19 49,052 , Jul. 19 2ο,426 3242 =
oce. 27 48,968 , oct. 27 20,517 32,73
Dec. 66 48,879 , Dec. 66 20612 32,97

1791 Jan. 0 543 52,154 -ι- 721 , 18011511. o 54423,824 4· 72134,26
Apr. 10 52,ο61 , p. 23‚92o 34,46
Jul. 19 51,966 ⁷ ‚ 24‚017 34,58
Oct. 27 51,868 , 24,114 34,63
Dec. 66 51‚767 Ι Α, . 24211 34,61

17921511. 1 543 55,045 ÷ 721 , 1802156. o 54427,423 -ι- 72135,98
Apr.1o 54,943 , Apr. 10 27,52ο 35,91 <
Jul. 19 54,841 , Jul. 19 27,615 35,77
Oct. 27 54,74ο , Oct. 27 27,708 35,55
Dec. 66 54,639 · , Dec. 66 27,798 35,27

1793 1811. Ο 543 57,916 -ι- 721 , 1803 Jan. Ο 54431, 012 -ι- 72136,72
Apr. 10 57,817 ‚ Αρι. 10 31, 100 36,39 ¹
Jul. 19 57,721 , 1111. 19 . 31, 183 35,99
001. 27 57, 629 , Oct. 27 31, 261 35, 53
Dec. 66 57, 540 ‚ Dec. 66 31, 335 35, 01

17941011. O 544 0‚814 -ξ- 721 8,15 18041811. 1 54434ῥὸ5 -1- 72136,54
Apr.10 0, 728 , Apr. 10 34, 625 35, 98
Jul. 19 0, 650 , J ul 19 34, 687 85, 38
001. 27 0,577 , Oct. 27 34, 742 34, 72
Dec. 66 0,512 ,⁹ Dec. 66 34,790 34,02

ffssssan. o 544 3,778 ÷ 72111,42 18051611. 01 54438‚019 ÷ 72135‚6o ²
Apr. 10, 3,717 1207 Apr. 10 38062 34,87
Jul. 19 3,665 1276 Jul. 19 38‚o96 34,12

001. 27 3,621 13,48 - 001. 27 , 38,122 33,34
Dec. 66 3,586 1425 Dec. 66 38,139 32,53

17961511. 1 544 6,841 -ι- 7211538 1806 san. o 54441,379 ÷ 72134,13 ›
Apr. 10 6,811 16‚16v Apr. 10 41,39ο
Jul. 19 6,791 16,96 Jul. 19 41,391
oct. 27 6,780 17,77 oct. 27 41,384
06666 6,778 · 18,6ο 06666 41,367

1797 Jan. 0 5 44 10,022 -1- 7 21 19,71 1807 Jan. O 5 44 44‚618 -Ι- 7 21 32,45
Apr. 10 10‚026 2ο,54 Apr 10 44, 595 31,63
Jul. 19 10,04O 21,35 Jul. 19 44, 564 30,83
Oct. 27 10,062 22,16 001.27 44, 523 310,Οὸ
Dec. 66 10,Ο93 22,96 Dec. 66 44, 474 29,31

1798 Jan. 0 5 44 13,326 -Ι- 7 21 24,07 1808 Jan. 1 5 44 47, 736 -ι- 721 30,89
Apr. 10 13,363 24,85 Apr. 10
Jul. 19 13,408 25,59 Jul. 19
Oct. 27 13,460 26,30 001. 27
Dec. 66 13,52Ο 26,98 Dec. 66

1799 Jan. ο 54416743 ÷ 7212813 1809115110 54450744 -ι- 72129,79 .
Apr. 10 16‚807 2878 p. 50‚663 28,25
Jul. 19 16,878 2937 50577 28,77
3013} 16‚954 29,91 . 50,486 2836 ·
ec

17‚036 3Ο,39 . 5Ο,391 28,02 ’

 

