408

Tabulae X. seetqlv. 6 Lyrae.

1810 san. 0 13 3’0 36678 433} 36 5704 1820 san. 1 1330511545 -1-38 a} ¹,
111² {3 {8³}ssss 23⁹3} 3¹ ¹1¹³· {3 ἓ3’ἓὲἓ
6¹02. 27 3οζ496 57ζ32 6¹01. 27 5οζ726
066. 66 36432 57,26 06666 56787

1811 Jan. O 18 30 32,483 -1-38 37 Ο,22 1821 Jan. 0 18 30 52,797 ÷38 37 12,34
Apr. 10 32,42Ο Ο,11 . Apr. 10 52,857 1263
J ul. 19 32‚356 36 5292 J ul. 19 52,916 12,98
Oct. 27 32,293 59,65 Oct. 27 52,973 13‚40
Dec. 66 32,231 59,3Ο - Dec. 66 53,028 13,89

—-....——-—————-

1812'Jan. 1 183034,281 43837 2,36 1822166. 0183056040 4381371668
» Apr. 10 34‚220 1‚97 116610 55‚094 17,21
Jul. 19 34,162 1,52 Jul. 19 55,144 17,78
Oct. 27 36105 1,οι oct. 27 56192 1640
06666 34,051 ο,42 · 06666 56236 19,08

1813 Jan. Ο 18 30 36,098 -1-38 37 3,56 1823 Jan. Ο 18 So 57,251 -Ι·38 37 21,82
Apr. 10 - 36‚o47 2,95 Apr. 10 57,293 22,52 1
Jul. 19 36‚OOO 2,29 J ul. 19 57,330 23,25
Oct. 27 35,957 1,58 Oct. 27 57,362 24,01
Dec. 66 35,919 Ο,83 Dec. 66 57‚39o 24,81

18141166. 0118 30 37,961 -1-38 37 4,ο3 ἶ824166. 1 18 30 56412 -1-38 37 27,51 .
Apr. 10 37,925 626 Apr. 10 59,486 2632
Jul. 19 37,895 2,48 Jul. 19 59‚455 29‚13
Oct. 27 37,870 1,67 oct. 27 59,469 , 2695
066. 66 37,851 o‚85 06666 56477 3677

———-—„——--.-—

1815 Jan· 018 3039,887 -1-38 37 4‚0⁷ 1825 san. 01831 1,505 438373647
Apr. 10 39‚871 624 A r. 10 1,509 3629
Jul. 19 39,861 2,42 Jul. 19 1,5ο7 3610
oct. 27 36857 1,61 oct. 27 1,500 3688
Dec. 66 39‚858 o‚80 Dec. 66 1‚487 36‚65
1816 Jan. 118 3041387 -ι-38 37 4,ο2 1826166. 01831 6522 -1-38 37 3637
Apr. 10 41,892 622 116610 6505 4611
sul, 19 41,903 2,46 Jul. 19 3,482 4681
061. 27 41,919 1,73. oct. 27 3,454 41,47
06666 41,941 1,03 1066. 66 3,421 4608

1817 san. 0 18 30 46963 -1-38 37 4,21 1827 san. 018 31 6463 ...38 37 44,86
46988 3,54 Apr. 10 6426 4644
44,018 2,92 Jul. 19 5‚885 45‚95
44,053 2,35 061. 27 6340 4640
46092 1,83 2 06666 6290 4679

1818 Jan. 0 18 3ο 46108 -1-38 37 4,95 1828 Jan. 1 18 31ζ 7,337 -1-38 37 49,65
Apr. 10 46150 Apr. 10 7,285 v 49‚99
Jul. 19 46‚196 Jul. 19 7,230 5625
064. 27 46244 oct. 27 7,172 5644
066. 66 46296 , 06666 7,111 50,55

’ 1819 Jan. 0 18 30 46308 -1-38 37 647 1829 san. 0¹18 31 9,162 -1-38 37 5651
46362 623 Apr. 10 9,1oo 5657
46418 607 Jul. 19 9,ο37 5655
46475 698 oct. 27 v 6974 5645
46534 696 06666 6911 5628

 

