T a b ul a X Ῑ I. continuata.

Reductio observationum Solis.

Maius,

Var. Parau-
axis

Mora Var.
transitus Saec.

Log. F Tang. Sec.

-ι-ὅ,43
52ζζ76 -1-ο,43
52ΖῙ53 -ι-ο,42
52ΞῘ30 -ι-ο,42

’ 1644 ζ
1707 ,
1769 ‚

68888

400ΘῆοΨ ’βυθῶν-ΒΟ

1832 ,

1895 ,
1959 ,
2022 ,
2086 ,
2150 ,

2213 ,
2276 ,
2339 ,
2402 ,
2464 ,

2526 ,
2587 ,
2647 ,
2707 ,
2766 ,

2824 ,
2882 ,
2988 ,
2998 ,
8047 ,

3100 ,
3152 ,
3202 ,
3251 ,

3299

3345
3389
3432

ἓξὲξ ἓ

22223 ἕ

3 1‚04 6,206
41,Ο2 6,211
5 1,ΟΟ 6,216

0 0000

57 0,98 6,220
,058 Ο,96 6,225
,059 0,93 6,229
,061 Ο,91 6,233
,063 0,89 6,238

1,
1,
1,
1,
1,
1,
1,
1,
1,
1,
1,
1,
1,
1,
1,
1,
1
1
1
1
1

,064 ο, 86 6 242
1065 0’ 84 6, 245
1,067 0,82 6,248
1,ο68 0,79 6,252
1,070 0,77 6,255

1,ο71 0,74 6,258
1,072 0,72 6,261
1,078 0,69 6,264
1,075 0,67 6,267
1,076 0,64 6,269

1,077 0,62 6,272
1 ’078 ο,59 6,274
1,ο79 0,56 6,276

52’ 07 -ι- 0, 41
51‚85! -ι- ο,41

51,68 υι-ο,41 · ·

51,41 -ι- 0,40
51,20 -ι- 0,40
50,98 -ι- 0,89

50,77 -ι-ο,89
50, 57 -ι-0’88
50’ ,’86 4οζ88
50,18 4087
49,97 -ι-ο,87

49,77 -ι- ο,86
49,58 -1- 0,86
49,40 -ς- 0,85
49,21 -ι- 0,85
49,08 -ι- 0,84

48,86 ÷ 0,88
48,68 -ι- 0,88
48,51 ÷ 0,82
48,85 -ι- 0,82
48,19 -ι- 0,81

48,03 -1- 0,31
47,87 -ι- ο,3ο
4732 -ι- 0,29
47,57 -i- 0,29
47,43 -1- 0,Ξὸ

47,29 -Ι- Ο,27

47,15 -ι- 0,27
47,02 ÷ 0,26

34

 

