112

Tabula vl11.'
1845.

Log. Α Log. B Ἰ Log. 0 Log. D Log. ιτ Ε

94399 96613 950867. 1,8999
95353 96587 98065 η 1,8791
95739 0, , 7 99781 ιι 1,8487
96068 0, 390 90818 η 1,1879
96330 7 96859 1,1568 η 1,1095

96558 96138 98093 π 99978
96737 · 96054 18438 ⁷. 98870
96897 96088 1,8638η 95189
97043 - 96073 128690 ιι ’ 98745 n
97185 96189 13619 2 95688 π

97331 96365 98415, 984477,
97488 96588 1,8068 n ς 1,0048 π
97659 9918 1,1556 η ,. 1,1114 n
97845 .0,7051 908347. 1,1868η
98043 97863 99881 n 1‚2392 η

ορ ρρροοξ

98849 . 97441 9 37 η 1,8751 n
98457 v 97576 0, 64 n 1,8970 η
98663 -ι 97663 99081 η 1,3061 n
9,8861 97708 93579 1,3038 π
99046 ’ 97696 97838 1,8888 η
> (Q
99815 ν» 97649Χ Ι99180 98599,
99367 03573 1,0340 981677.
99499 97478 1,1197 1,1549 n
99614 97380 1,1810 1,0681 n
99713 - 97897 1,8840 99489 η

999 99999 999, ,5
ΞΞΞ ΞΞΞΞΞ ΞΞΞΞΞ ΞΞΞΞΞ

ΞΜ
.

0
Ξ

99799 97844 18519 9746677
99876 97836 1,8665 93451 η
99948 97881 18683 90913
90080 97379 1,8578 96688
90097 97519 18385 99019

44 44444 44444 44444 44444 44444

ψ pp ρρρρρ
Ξ Ξ Ξ Ξ ..2ss Ξ

90188 97698 1,1980 1,ο448
90877 971378 1,1384 91413
90388 98060 90470 ·
90497 98888 99886

90619 98351 97868

90744 ’98439 93835
90868 98488 907897.
90988 98480 96471 n >

 

