Tabulae X. sect. V. α Leonis.

Var. 10
annor.

A. R. med. Decl. med.

1840

m

184⁰

mm

«ΜΜ

sm, 0 46285 4282 — 5119 -14‚9 -3 41 1830 9'5'91§‚5754 41247 40265

10 41,158 4252 - 6,58 -12,7 -2 0 1831

20 41292 4212 - 7,73 -102 -2 0 1832

30 41,581 416,5 - 821 - 7,5 -2 -1 1833
[18842 41,721 411,5 - 922- 4,8 -1-1 1834
0-1 1836
0-2 1837
1-2 1838
1 -2 1839
2-2 1840
1841

2-3 1842

19 ÷1‚810 -4- 6,5 - 9,57- 2,3
Marm ÷1‚851 4 1,8 - 9,67
11 ÷1‚846— 2,5 - 9,56
21 41201 - 6,1 - 928
31 -1-1‚724- 9,o — 8, 4
Apr. 10 4152ss —11,1 -— 8,
w ÷1‚503 —12‚3 —- 7,
80 ÷1‚S76 —12‚8 -- 7,

2
9
5
5
2
9
2
ἱ
2

20 ÷1‚124—11‚9 — 6,

59 21‚7798
59 242841
59 282883
59 312924
59 342963
59 372002
59 412040
59 442077
59 472113
59 502147
59 532181
59 572214

2-3 1843 10 0 o,2246

0 8,(1-977
0 6,6305
0 9,8333

47 23231
47 5294
46 48255
46 31214
46 13270
45 56224
45 38276
45 21225
45 4272
44 46217
44 29259
44 12,199
43 54237,
43 37,472
43 2ο,1ο5
43 2,738

ο 132360
3 0 162386
0 192411
ο 222437

42 45264
42 27290
42 1ο,614
41 53236

so 41210 -1ο,7 - 5,
sun. 9 40211 - 9,1 - 5,

19 40229- 72 - 4,

29 4ο 767- 52 -. 428
sul. 9 402264 3,0 - 4,14

444 44444 444

1
Ο

5

87 6
36 4

79 8

21 3

Mauo 41247 -12,6 4 633 Ξ
56 9

10 3

70 6

.{

0
2
3

5
4
4
3
2
20 -1

÷ 44444 44444 4444
2²0

3
5
5
5
5
1

19 40307- 0,8 - 3,9 ‚0 ÷1 —1 Diei reducto addendum est:
29 40211 4 1,7 - 325- 02 41
Aug-1²83 ssgzgggss ἓξ ἶ- 2:331 ἐξ) ἰῖξῖ ἔ Aug. 20 ἑ

23 40276 4 9,6 — 4,62- 4,6 -1

Sept. 7 40286 412,5 - 5,17- 6,5 -1
17 41,126 4152 - 521- 8,4 -2
27 41297 418,7 - 6,85 4102 -2
oct. 7 41299 4212 - 729 -12,4 -3
17 41233 4242 - 9,33 -14,4 -3

27 41296 427] -10,86 -16,1 -4
Nov. 6 ÷2‚287 ÷3o,1 —12‚55 -17‚5 -4
16 -4-2,598 -1-31,9 -14‚35 -18‚3 —4

0000 00000

26 42225 4332 -1621 -18,6 -4
Dec„ 6 43257 433,1 -18,07 -18,4 -4 -1

16 43587 4323 -19‚89 -17‚6 -4 —1

26 43203 430,4 -21,58 -16,1 -4 -1
36 44,195 4272 -23,10 -14,1 -4 -2

111 menas. Jan. et Febr. annorum bissextorum legitur dies insequens.

 

30*

