410

'Tabulae X. Sect. IV. yAquilae.

1810 188. 0 19 3’7 1'3, 919 415 9 4¹6, 01 1890 1881 1937 41' ,949 -ι.1ὃ 10 45 ,69

· Apr 10 13, 834 39’ 99 . Apr 10 49, ’084 45 ’89
181. 19 13’ 748 89, ’90 181. 19 49190 46’ ο,9

088 97 18,659 8973 081. 97 49905 4949
988. 66 19569 89,49 988. 66 49,99ο 4989

1811188. 0193719454 -1-10 947,83 1891188. 0193749117 -1-101054,97
Apr. 10 16,364 47‚54 Apr. 10 45,901 55,40
181. 19 16‚975 47,18 181. 19 45,989 55,89
088 97 16,187 4976 oct. 97 49361 5943
988 66 19100 46,97 988. 66 49438 57,03

1819188. 1 19 3718,983 ÷1o 954,7ο 1899188. 0 19 37 48,268 -1-1011 5,19
Apr. 10 18‚898 54,17 Apr. 10 48‚341 5,75
181. 19 18‚817 53,59 181. 19 48,410 6,41
088 97 18,74ο 5996 oct. 97 48,474 7,11
988. 66 18,666 59,98 988. 66 49534 7,84

1818 188. 0 19 87 91,545 -1-10 10 0,77 1893 188. 0 19 87 51,870 ÷10 11 15‚89
Apr. 10 91,475 ο,ο7 Apr. 10 51,495 16,64
181. 19 91,419 9 5934 181. 19 51‚474 17‚4o
088 97 91,855 5958 ont. 97 51,516 18,18
988 66 91,804 57, 80 988. 66 51,559 1998

1814 188. 0 19 87 94,175 -1-10 1ο 6, 39 1894 188. 1 19 87 54,896 -1-10 11 97,ο1.
Apr. 10. 94,199 5, ’53 118810 59496 97,80
181. 19 94,09ο 4, ’78 181. 19 54‚449 28,59
088 97 99059 3, ’94 ont. 97 54,464 9937
98866 99085 914 98866 59471 8913

1815 188. 0 19 87 96,897 ÷ 10 10 11,67 1895 188. 0 19 87 57,394 410 11 38,18
Apr. 10 96,879 , Apr. 10 57,396
181. 19 96,869 , 181. 19 57,890
oct. 97 96,867 , oct. 97 57,305

Dec. 66 26,873 , 'Dea 66Ι 57,282

1816 Jau. 1 19 37 29326 -1-10 10 17,16 1826³Jan. 019 38 Ο,146 -1-1011 49,o7
Apr. 10 29338 16,46 Apr. 10 0,118 49‚69
Jul. 19 29357 15,81 ἡ Jul. 19 0‚082 5025
oct. 27 29384 » 15,20 Oct. 27 Ο,039 5036
Dec. 66 29,819 14,63 Dec. 66 37 59‚988 5131

1817188. 019 8739661 ÷1o 10 98,09 1897Ι188. 01938 9861 -1-1011 5938
Apr. 10 89700 9956 Apr. 10 9806 5979
181. 19 39746 9909 181. 19 9745 19 0,13
Oct. 97 39798 91,68 ont. 97 9678 0,40
98866 39857 91,39 988. 66 9605 0,60

1818 Jan. 0 19 37 35‚691 -ι-10 10 2931 1828 Jan. 1 19 38 5,485 410 12 8,85
818 888 ·
oct. 27 35,891
Dec. 66 35‚967

1819 188. 0 19 87 39796 -ι- 10 10 37,90 1899 188 0 19 88 8,043 ÷ 10 19 17, 36
Apr. 10 38,874 97,14 Apr 10 7,955 17’,93
181. 19 39955 37,16 181. 19 7,866 17,03
Oct. 97 . 39037 3794 08897 7,777 16,76
1988 66 89199 87,40 988 66 7,687 16,41

 

