246

Tabulae X. Sect. H. α Scorpii.

1770 san. 0 1’6 1'5 2157ss -25 5’4 ’5’,18 1780 san. 1 1615 557921-25558438
8-8 818 888 88
61616 27 21ζ477 2ζ76 066 27 55ζ978 } 86ζ94
Dec: 66 21,423 1,98 Dec. 66 56,Ο5Ο 37,62

1771 1αηὶ O! 16 15 25,Ο95 -25 54 11‚13 1781 Jan. Ο 16 15 59,678 -25 55 46,24
Apr. 10 25,035 1Ο,36 Apr. 10 59‚759 46‚9o
Jul. 19 24,967 9,62 Jul. 19 59,846 47‚51
Oct. 27 24,890 8,92 Oct. 27 59,938 48,07
Dec.66 24‚8o4 8,25 Dec. 66 16 o‚037 48,59

1772 san. 1 16 15 28,487 -25 54 17,85 1782ἷ56ιι. 0 16 16 8658 1-25 55 57,26
Apr. 10 28,397 16,71 Apr. 10 8,759 57,74

Jul. 19 28,801 16,12 Jul. 19 8,868 58,16

- oct. 27 28,199 15,58 066 27 8,970 · 58,58

Dec. 66 28,092 “ Dec. 66 4,079 58,83

1778 Jan. 016 15 81,782 -25 54 24,18 1788166. 0 16 16 7,697 Δ-25 56 7,56
, Apr. 10 81,672 2869 p 7,82
Jul. 19 81,560 2881 , 8,01
oct. 27 81,446 28,00 8,18
06666 81,880 22,76· 8,18

1774 Jan. 0 16 15 85,022 -25 54 81,71 1784 san. 1 16 16 11,755
Apr. 10 · 84,906 81,52 Apr.10 11,868
Jul. 19 84,792 81,41 Jul. 19 11‚968
066 27 84,679 81,87 oct. 27 12,069
06666 84,568 . 81,40 06666 12,166

1775 J an. Ο 16 15 38,259 -25 54 4Ο,25 1785 Jan. Ο 16 16 15,789 -25 56 25,49
Apr. 10 4o‚34 p 2224
Jul. 19 40‚50 2493
Oct. 27 40‚73 24‚55
Dec. 66 41,04 24,11

1776 san. 1 16 15 41,540 -25 54 49,8ο 1786 Jan. 0 16 16 19,759 -25 56 88,08
Apr. 10 41,452 5ο,15 Apr. 10 19,829 82,59

Jul. 19 41,872 50,56 Jul. 19 19,890 8206

- Oct. 27 41,800 51,04 066 27 19,942 81,48
- 06666 41,286 51,58 06666 19,986 80,85

1777 Jan. 0116 15 44,91ο -25 55 0,25 1787 Jan. 0 16 16 28,628 -25 56 89,88
Apr. 10 44‚853 . 0,82 Apr. 10 23‚666 89,22
Jul. 19 44,805 1,44 Jul. 19 23,698 88,52
oct. 27 44,767 2,10 oct. 27 23,711 · 87,79
06666 44,789 2,80 06666 28,718 87,04

1778 san. ο 16 15 48,401 -25 55 11,41 1788 san. 1 16 16 27,872 -25 56 46,10
Apr.1o 48880 12,14 p . 27,872 45,82
sul, 19 48,869 12,88 , 27,862 44,54
Oct. 27 48867 18,64 27,841 48,75,
06666 48,876 14,48 27,810 42,95

1779 Jan.. 0 16 15 52,028 -25 55 23,Ο1 1789 Jan. O 16 16 30‚977 -25 56 52,Ο2
Apr. 10 2:3‚80 Apr. 10 30‚939 5132 .
Jul. 19 24,58 Jul. 19 30,891 50,44
oct. 27 25,36 Oct. 27 30‚834 49‚68
Dec. 66 30,

06666 26,14 76η 48,98

 

