120

T a b ula Ῑ X. ἱ continuata.

Valores quantitatum C ὦ D pro singulis· diebus.

Julius. Augustus.

Log. C Log D Log. C Log.D

1750 1850 1750 1850 1750 1850 175011850

0 04096 04197 13093 77 13093 77 1,0530 1,0536 13063 77 13060 77
1 04583 04611 13013 77 13019 77 1,0693 1,0698 ,1300677 13003 77
9 05090 05045 13001 77 13000 77 1,0713 1,0718 13948 77 13945 77
3 0,5416 05439 13988 77 13987 77 1,0800 1,0805 13888 77 13884 77
, 4 05778 05799 13973 77 13979 77 1,0884 1,0888 13895 77 13899 77

5 06111 06130 13958 77 13957 77 1,0965 1,0969 13760 77 13757 77
6 06419 06437 13941 77 13940 77 13043 13048 13693 77 13690 77
7 06705 06799 13993 77 1399977 13119 13194 1369477 13691 77
8 06973 06989 13903 77 13909 77 13193 13197 13553 77 13549 77
“ 9 07994 07939 1388377 1388177 13964 13968 1347977 1347577

10 07460 07474 13861 77 13859 77 13333 13336 13409 77 13398 77
11 07683 07696 13837 77 13836 77 13399 13403 13393 77 13319 77
19 07894 07906 13813 77 13811 77 13463 13467 13941 77 13937 77
13 08094 08106 13787 77 13785 77 13596 13599 13156 77 13159 77
14 08984 08995 13759 77 13758 77 13586 13589 13068 7-7 1306477 ⁷

15 08465 08476 1373177 1379977 13644 13647 1,097777 1,097377
16 08637 08648 1370077 1369977 13700 13703 1,088377 1‚0879 77
17 08809 08819 1366977 1366777 13755 13757 1,078677 1,078177
18 08960 08969 1363677 1363477 13807 13810 1,068577 1,068077
19 09111 09190 1360177 1359977 13858 13860 1,058077 1,057677

90 09956 09965 1356577 1356377 13907 13909 1,047977 1,046777
91 09395 09403 1359877 1359677 13954 13956 1,035977 1,035477
99 09598 09536 1348977 1348777 13999 13009 1,094977 1,093777
93 09657 09665 1344877 1344677 13043 13046 1,019177 1,011677
94 09780 09788 1340677 1340477 13085 13088 0999477 0998977

95 09900 09907 1336977 13360 77 13196 13198 0986377 09858 77
96. 1,0014 1,0091 1331777 1331477 13165 13167 0979677 0979177
97 1,0195 1,0131 1397077 1396777 13909 13904 0958477 0957877 ⁴
98 1,0939 1.,0938 1399077 1391877 13938 13940 0943577 0949977
99 1,0335 1,0341 1317077 1316777 13973 13974 0997977 09973 77

30 1,0434 1,0440 1311777 1311477 13306 13307 0911777 09111 77
31 1,0530 1,0536 1306377 1306077 13337 13339 0894777 08941 77
39 1,0693 1,0698 1300677 13003 77 13367 13369 0876877 0876977

 

