414

Tabulae X. Sect. IV. β Aquilae.

1810 Jan. ο 1'5 45 5’9,140 ÷ ἓ 56 8479 1820 Jan. 1 1ὖ46 2'2'3,139 -ι- ἓ 5'7 4261
Apr. 10 54052 Apr 10 28,298 · 42,84
Jul. 19 58‚962 28‚316 43‚1s
Oct. 27 58,870 · 28‚4o4 46,oe
Dec. 66 - 58,777 Dec. 66 28,491 43,89

1811 Jan. Ο 19 46 1,759 -4- 5 56 4233 1821¹Jan. O 19 46 31‚412 4- 5 57 5223
Apr. 10 4242 Apr. 10 31,499 52,69

Jul. 19 42,Οό Jul. 19 31‚583 53‚19 ,

Oct. 27 41‚61 oct. 27 31‚663 - 53‚75 ’
Dec. 66 41,1Ο Dec. 66 31,741 54,δὸ

1812 Jan. 1 19 46 4876 -ι- 556 49,73 1828186. 019 4634‚666 -ι- 558 2,64
4286 49,19 Apr. 10 34,741 828
4206 48,60 661. 19 34812 3,95
4124 47,96 061. 27 84876 465
4049 47,27 Dec. 66 34987 5,.89

1813 Jan. Ο 19 46 7,024 -ξ- 5 56 55,97 1823 Jan. Ο 19 46 37,867 -Ι- 5 58 13,63
6,952 55,26 Apr. 10 37‚924 14 38
6,889 54,52 J ul. 19 37,974 15‚15
6‚831 53‚76 Oct. 27 38‚015 15‚93
6,779 52,98 Dec. 66 38,o5o 16,72

9,746 -ι- 557 1,70 1824 Jan. 1 194640,989 ,ς- 5582495
9,700 0,91 Αριι 10 41,019 , 25,74
9,661 0,12 Jul. 19 41‚o41 26,52
9,631 56 5983 Oct. 27 44055 27,28
9,608 5854 Dee. 66 41,ο61 2808

1815 Jan. O 19 46 12,565 -ὗ- 5 57 7,27 1825 Jan. 0 19 46 44,Ο10 -ff- 5 58 3629
Apr. 10 12,548 , Apr. 10 44‚01o 87,02
J ul. 19 12‚539 , Jul. 19 .44‚002 3272
Oct. 27 12,539 , Oct. 27 43,985 38,39
Dec. 66 12‚547 , 1Dec. 66 43,960 3992

1816 Jan. 1 19 46 15,494 ÷ 5 57 1401 1826 san. o 19 46 46919 ÷ 5 58 47,82
15,5ο8 1283 Apr. 10 46,889 47‚91
15,529 11,69 Jul. 19 46,851 48‚45
15,559 11,1ο 061. 27 46,8ο5 4894
15,597 1ο,56 Ὶ066 66 46,751 49,37

1827 Jan. ο 19 46 49,72ο ÷ 5 58 57,74
49,662 58,18
49,597 5844
49,527 58,69
49,451 58,87

1828 san. 1 19 46 52427 -ι- 5 59 7,83
Apr. 10 52848 7,46
Jul. 19 52‚265 7,51
oct. 27 52178 7,48
Dec„ 66 52,ο88 7,38

1819 Jan. 019 46 24880 ÷ 557 8890 1829 san. 019 46 55,069 ÷ 55915‚94
Apr. 10 , 24961 3487 Apr. 10 54,977 15,79
Jul. 19 25,ο45 8891 Jul. 19 54,885 15,57
oct. 27 25,131 8402 066 27 54798 15,28
06666 25,219 8420 06666 54700 * 14,91

 

