  

Tabulae X. sect. IV. assHerculvfe.

1810 san. 0 1”7 552613 41437 4’ζ61 1320 Jan. 1 1²¹7 626569 4194 36 202
Apr. 1o 59‚530 4,90 Apr. 10 26651 · 1,83
sul. 19 59‚446 5,22 Jul. 19 26733 1,72
066 27 56360 5,46 066 27 26314 1,67
06666 52273 663 06666Ι 26394 , 1,69

        
 

       
      
     
    
        
       
     
      
    

 

    
  

 

 

     
   

       

    

 

 

 

 

 

 

 

      

       
 

       

      
  
            
     

   

     
           
           
             
     
        
          
     
    

    
   
       
     
          

 

 

 

   

 

 

    

  

 

 

 

          

 

 

 

  

 

 

 

 

 
        
  

       
       
      

1311 Jan. 017 6 2‚032¹÷1437 693 1321 san. 01 17 629‚598 -1-143557ρ7

Apr. 10 1,946 1‚o4 Apr. 10 29‚677 1214

Jul. 19 1‚862 1,o8 Jul. 19 29,753 57,29

’ oct. 27 1,779 1,04 oct. 27 22326 57,50

06666 1,693 693 06666 . 22395 Ι 57,79

1312 san. 1 17 6 6455 -1-14 36 5633 1322166. 0 17 632602 -1-14 35 5207

Apr. 10 4,376 5616 ψ Apr ,10 32669 5240

Jul. 19 4‚3o1 55,91 Jul. 19 32,731 5230

oct. 27 2231 ⁷ 5560 066 27 32733 54,25

06666 4,166 5621 066 66Ι 32339 54,77

1313166. 0 17 6 6917 -1-1436 5670 1323 Jan. 0 17 636553 41435 4299

Apr. 10 6‚855 50,27 Apr. 10 50,55

ψ sul. 19 6300 49,73 Jul. 19 51‚15

Oct. 27 6751 4222 Oct. 27 51,3ο

06666 6703 43,61 06666 5250

1314 Jan. 0 17 6 9,452 ...14 36 4613 1324 san. 1 17 632424 -1-1435 47,66

Apr. 10 9,414 43,53 Apr. 10 4233

sul. 19 9‚383 4235 sul. 19 49,13

oct. 27 2360 ¹ 4213 , 001. 27 4291

Dec. 66 9‚345 41,37 Dec. 66 5o‚71

1315 san. 0 17 6 12079 -1-14 36 37,00 1325 san. 0 17 641,200 -1-14 35 4235

Apr. 10 12069 3622 Apr. 10 41,194 46,66

Jul. 19 12067 3643 Jul. 19 41,131 47,47

oct. 27 12073 3263 v oct. 27 41,160 4229
06666 12036 3231 06666 41,131

1316 san. 1 17 616311 ,1-14 36 2245 1326 Jan. 0 17 642372 -1-14 35 4224

Apr. 10 14,829 2263 Apr. 10 42333 4605

161. 19 12354 27,32 , Jul. 19 42793 4634

oct. 27 14,337 27,03 oct. 27 42750 4660

06666 14,927 2624 06666 42696 47,34

1317 Jan. 0 17 6 17,643 414 3621,37 1327 san. 0 17 646446 -1-1435 4251

17,637 21,10 Apr. 10 46333 4222

17,736 2637 Jul. 19 46324 4239

17,792 1267 oct. 27 46255 44,51

17,353 19,o1 06666 46131 4203

 

 

 

   

   
     
     

          

      
    
  

      
  

  

 

 

 

        

     

     

1313 Jan. ο 17 626562 -1-14 36 14,60 1323 san. 1 17 648‚937 -1-1435 4631
Apr. 10 26627 1297 Apr. 10 42360 4634
Jul. 19 26695 1239 Jul. 19 48,781 41,31
oct. 27 26767 1236 066 27 42699 41,71
06666 26342 1233 06666 43,614 4205
1319 san. 0 17 622547 -1-14 36 7,91 1329 Jan. 0 17 656373 -61435 37,36
Apr. 10 22625 7,43 Apr. 10 37‚63
Jul. 19 22704 7,11 3235
oct. 27 22734 631 37,97
06666 22366 657 3204

 

 

   

      

