158

Tabulae X.' Sect. Ι. α Bootis.
Ι

1750 Jan. 0 1¹4 416977 4202193420 1760⁸
Apr. 10 16973 3523 Apr. 10 46437 3420
Jul. 19 16‚961 3662 Jul. 19 46473 3427
oct. 27 16942 3606 oct. 27 46515 3671
066. 66 16914 3655 066. 66 46565 3611

1751 Jan. 0 14 4 19,655 —1-20 29 17,22 1761 Jan. 0 14 445,279 -1-20 26 14‚17
Apr. 10 19,622 17,74 Apr. 10 4233ss 13,56
Jul. 19 19,582 18,30 Jul. 19 45,392 12,93
Oct. 27 19,534 18,89 Oct. 27 ’ 45,457 12,28
Dec. 66 19,479 19,51 Dec. 66 ’ 45,527 11,61

17521366. 1 14 422230 42029 614 1762 Jan. 0 14 448235 42025 5670
Apr. 10 26171 678 Apr. 10
Jul. 19 26106 1,44 Jul. 19
oct. 27 26036 2,11 oct. 27
Dec. 66 21259 680 06666

’1753 Jan. 0 14 424,717 -1-20 28 43,42 1763 Jan. Ο 14 4 51,251 -1-20 25 31,13
Apr. 10 24,638 44,11 - Apr. 10 51,335
Jul. 19 24‚555 44‚79 J ul. 19 51,420
Oct. 27 24,47Ο 45,47 oct. 27 51,506
Dec. 66 24,382 46,15 Dec. 66 51,592

1754 san. 0 14 427,143 420 28 26,77 1764 san. 14 454295 420 25 672
Apr. 10 27,054 27,43 Apr. 10 54,381 616
Jul. 19 26964 2606 Jul. 19 54,466 664
oct. 27 26874 2666 Oct. 27 56549 615
066. 66 26783 2924 066. 66 54,630 7,7ο

1755 san. ο 14 426545 420 28 690 1765 san. o 14 457235 42024 4672
26456 1645 Apr. 10 57,414 4630
26369 1696 Jul. 19 57,490 4723
29285 11,41 oct. 27 57,561 47,62
26204 1 122 066. 66 57228 47,36

1 14 436962 42027 5654 1766 Jan. 0 14 5 6338 420 242632
Apr. 10 31,883 5692 6402 2610
Jul. 19 31,810 5623 6460 27,93
oet. 27 31,742 5648 6512 2722
066. 66 31,680 5668 6558 2727

1757 Jan. o 14 436432 42027 34,47 1767 Jan. o 14 5 6275 42024 666
Apr. 10 34,374 34,62 *Apr. 10 6317 665
Jul. 19 34,323 34,71 Jul. 19 6351 671
oct. 27 34279 κ 34,73 , oct. 27 6378 682
066. 66 34242 34,69 066. 66 6398 699

1758 san. 0 14 436985 420 271657 1768 san. 1 14 5 6124 420 23 4680
Apr. 10 36‚954 1648 Apr. 10 6138 5602
Jul. 19 36931 1633 Jul. 19 6144 5629
061. 27 36916 1612 oct. 27 6142 5662
066. 66 36909 1425 Dec. 66 6133 51,00

1759 Jan. 0 14 439,642 420 26 55,81 1769 Jan. 0 14 5 8‚869 -ι-2Ο2331,74
Apr. 10 39,641 55‚50 Apr. 10 8‚853 32,16
Jul. 19 39,648 55,14 Jul. 19 8‚830 3262
Oct. 27 39,663 54,73 Oct. 27 8,799 33,18
Dec. 66 39,686 5437 Dec. 66 8‚761 33,OE Α

san. 1 1¹4 4492409 420 2’6 3629

 

 

 

