213

Tabulae X. Sect. ΙΙ. β Brionie.

1780 1780 ‘'H-²⁰

annor.
Μ Μ Μ

san. 0441'227614. 1,3 - Ξ,95’-15,9 11111 1770
10111267- 3,0 - 4,48ῑ-14,4 12 11 1771
20111217- 7,0 - 5,83[-12,4 12111 1772
30 11,128--10,7 - 626 -102 12 0 1773

Εεω.9ἴ11,οο4ῐ-13,8 - 7,87- 7,9 13 0 gg}
19 10,853,-16,1 - 8,53- 5,4 13 0 1776

Mum ÷o‚683;—17‚5 - 8,95- 2,9 18 0 1777
11 1ο,508ῑ-18,0 - 9,11- ο,4 13 -0 1778
21 1ο,323-17,5 — 9,Οὸ

1 13ῐ-1 1779
31 ÷o‚153‹—16,0 - 8,

1 69 46 13 -1 1780
Apr. 101ο,003,-13,6 - 8,11 70 12 -1 1782
202-0‚119 -10,5 - 729 94 12Ι-1 1783
30-0207- 6,8 - 624ι 11 6 121-1 1784
1118110-0255- 2,7 - 4,97 118,7 11 -2 1785
, 20 -0‚260·÷ 1,7 - 3,50 115,6 11-2 1786
30 -Q2225-s- 6,0 - 1,86 1172 11-2 {gg}
sun. 9-ο,140,110,2 - 0,07 118,4 0-2 1789
19 -0,018ῑ114,2 1 1,82 1192 0-8 1790

29 10148 117,8 1 3,76 119,5 -1 -3

ω, 9 ÷0‚337 1202 1 5,7.1 1192 -1 -3

2
7
Ὶ
9
3

29 4o,805 4255 1 9,ὃὸ 117,0 -2 -3

Α. R. m'ed. Deci. med.

Μ“Μ

¹5¹ 3’ 2ἔ5,5774 - 829 Ξ,433
28 57,568
28 52,707
28 47850
28 42997
28 38149
28 33205
28 28,465
28 23629
28 18,797
28 13968
28 9,144
28 4225
27 59,509
27 54,699
27 49291
27 45,088
27 40289
27 35,494
27 30,708
27 25215

19110,560,123,4 1 7,60 118,4 -1-3 mei reducto addendum est:

Aug· 8 4,1‚069 ÷27‚1 ÷10÷99 114,9 -2 -3 ante -
13 41‚346-÷28‚o ÷12‚36 112,4 -2 -3 post ξ Jun' 7 ἲ

28 ÷1‚628!÷28‚5 113,46 1 9,4 -2-3

Sept· 7 ÷1‚9151÷28‚6 -1-14,23 1 5,9 -2 -3
17 42,200i÷28‚3 41454 1 2,3 -2 -3
27 12,480-127,6 114,68 - 1,5 -2 -8
Oct. 7 12351 1265 11425 - 52 -2 -8
17 ÷3‚009 ÷25,0 113,δὸ - 8,6 -2--3

27 13251 1232 11264 -11,6 -1 -3
Νογ, 6 ÷3‚4731÷21‚O 411934 —14‚1 -1 -3
16 18,671ἲ1,18,4 1 9,82 -16,0 -1 -3
26 1324011152 1 8,15 -172 0-3
Dec. 6 13,977.111,8 1 6,39 -17,7 0¹-3

16-÷4‚0761÷ 8,0 1 4,62 -17,5 11-3
26 1423611 3,9 1 2,89 -16,7 11-3
3614,154- 0,8 1 128 -15,4 12 -3

In menas. Jan. et Febr. annorum bissextorum legitur dies insequens.

 

