234 ,

Tabulae X. sect. II. α Virginis.

1770 Jan. 0 1313 72306 - 55712378 17801611. 1 131333715 -10 62138, ”
Apr. 10 7284 1335 Apr. 10 33761 21,92
Jul. 19 7,254 1388 Jul. 19 33814 2348
Oct. 27 7216 1337 061. 27 33874 2306
Dec. 66 f 7‚169 17,82 Dec. 66 33940 2367

1771 Jan. Ο 13 13 10‚325 — 9 57 37,ss 1781 Jan. 0 13 13 4o,058 -—- 10 Ο 42,55
Apr. 10 10,273 36,54 Apr. 10 4Ο,128 43,17
Jul. 19 10,213 35,94 Jul. 19 40,203 43,79 ’ ’”
Oct. 27 1o‚146 3533 Oct. 27 40,283 44,41
Dec. 66 13072 3369 Dec. 66 43368 4304

1772 Jan. 1 13 13 13237 — 9 57 54,00 1782 Jan. 0 13 13 43480 - 10 1 392
Apr. 10 13‚159 5335 Apr. 10 43568 4,54
sul. 19 13076 52,71 Jul. 19 43,658 5,15
001. 27 13988 5306 oct. 27 43750 375
Dec. 66 12,896 51,4ο Dec. 66 43844 334

1773111111. 0 13 13 13067 - 9 58 1372 1783 san. 0 13 13 43953 - 10 1 2323
Apr. 10 13972 , Apr. 10 43048 2380
Jul. 19 15,876 , Jul. 19 47‚143 2334 ,
061. 27 13778 , oct. 27 ιο 47237 2385
, Dec. 66 13678 , Dec. 66 47‚330 2⁷‚33

1774 Jan. 0 13 13 13851 - 9 58 27,55 1784 Jan. 1 13 13 53440 - 10 1 4325
13751 2398 Apr. 10 53533 4371 .
13653 2345 Jul. 19 53623 47,12’ ᾖ ,a
18‚556 2396 06127 53709 47,49 ,
13461 2351 Dec. 66 53793 47,81 -

1775 Jan. 0¹13 13 21,633 - 9 58 44,75 1785 Jan. O 13 13 53,907 - 10 2 6,79 ,
Apr. 10 53‚987 7,Οὸ
Jul. 19 54‚062 7‚31 ›· ,
Oct. 27 54,131 ἶ,50
Dec: 66 54‚195 7 ,63

1776 Jan. 1 13 13 {2454 — 9 59 2,57 1786 Jan. 0 13 13 57,316 —- 10 2 26,67

1111. 19
Oct. 27
Dec. 66

17771Jan. 0 13 13 23353 - 9 59 21,14 1787 Jan. o 13 14 3639 - 10 24380
Apr. 10 27,304 Apr. 10 μ 3670 4368 ¹
Jul. 19 27,264 21,19 ’ Jul. 19 3693 4351 ,
oct. 27 23232 21,30 Oct. 27 3707 4328
Dec. 66 27,209 21,48 Dec. 66 3713 4399

1778 Jan. Ο 13 13 50‚357 —— 9 59 4051 1788¹Jan. 1 13 14 3,854 - 10 3 4,17
Apr. 10 - 3,853 3,84
Jul. 19 &843 3,47
oct. 27 3,824 8,Οὸ
Dec. 66 3,796 2,59

1789 Jan. o 13 14 - 10 321,82
21,34
2380 ,
2324
1365

 

