Tabulae X. Sect. V. β Geminorum.

1330 Jan. 0 7 3'4 5¹3, 783 ÷2⁰8 2‘5 3'6, 53 1840 Jan. 1 7 3'5 31' ,463 423 24 29, 64
Apr. 10 53’ 669 31,553 29, ’03
Jul. 19 53, ’669 31, 647 23, 47
Oct. 27 63, ’464 31 ,736 27, 36
Dec. 66 53, ’364 31, ’316 27’ 20

1831 Jan. O 7 34 57, 071 -1-28 25 30, 09 1841 Jan. 0 7 35 35, 473 -1-28 24 19, 24 ¹
56, 975 30, 69 p 35, 550 18, 56

56, 886 31, 34 35, 619 17, 85 ’

, 66304 3202 36,679 17, 11
66,732 32,76 36,731· - 16,34

1332 Jan. 1 7 36 0,44ο 423 26 24,36 1342 Jan. 0 7 36 39,393 423 24 3,41
Apr. 10 0‚373 25,11 p 39,444 7,63
Jul. 19 0‚315 25,88 39,479 . 6,36
ont. 27 0, 263 26, 66 39, 505 6 ,06
Dec. 66 0, ’230 27, ’46 39, ’620 5' ,26

1833 Jan. 0 7 35 3, 926 -4-28 25 19, 04 1843ὲ Jan. 0 7 35 43, 199 428 23 57, 33
Apr. 10 3, 895 19, 84 Apr. 10 43, 209 56’, 54
Jul. 19 3, 875 20, 64 - Ju1.19 43, 206 55 ,77
Oct. 27 3, 866 , 21, 43 Oct. 27 43, 193 » 55 ,02
Dec. 66 3,868 22,21 Dec. 66 43,170 , 54,28

1334 Jan. 0 735 7,55o 423 26 13,3ο 1344 Jan. 1 736 46,362 42323 46,3.
‚Apr. 10 7,669 Apr. 10 46,332 ᾖ 46,61
161. 19 7,578 Jul. 19 46,792 44,94
oct 27 7, 607 Oct. 27 46, 742 · 4431. . ,,
Dec. 66 7, 647 Dec. 66 46, 631 43’ 73 ¹

1835ξ1ωι. 0 7 35 11,316 -1-28 25 8 ,31 1845 Jan. O 7 35 50, 385 -1-28 23 35, 71
¹Apr. 10 1136ss Apr. 10 50, 319 , 35,16
Ju1.19 11, ’418 Ju1.19 ’,50 244 3’4, 67
oct. 27 11,482 Oct. 27 50, 161 34, 24
Dec. 66 11,554 Dec. 66 50,o7o .33,87

Εἶὲξωι. 1 73616213 423 26 2,26· 1346 Jan. 0735 53‚784 428232573‘· -
Apr. 1ο 16291 Apr. 1ο, 63683 26,46
Jul. 19 15,375 3¹22 ἐξ 63637 26,21

oct. 27 15,465 53,481 26, 03
Dec. 66 15,562 Dec 66 53, ’369 · 24, 93

 

Ap r. 10 19,313 “
161. 19, 19,417 Ju! 19 56' ,860 , 16, 71
Oct. 27 19, 524 Oct 27 56’ ,743 1’6 31
Dec. 66 19, 634 Dec. 66 · 56’ ,624 ² -’ 16, ’99

1838 Jan. 0 7 36 23, 230 423 24 47, 74 1848 san 1 7 36 o ,346 423 23 3 ,7ο
Apr. 10 23⁹ ,392 p , ο, 227 , 8' ‚93
161. 19 23, 604 . 0‚111 19 ,23
oct. 27 23,616 oei. 27 36 69, 997 9,69 -
Dec. 66 23‚729 69, 336 1ο,02

1339 san, 0 736 27,376 423 24 39,09 1349146. 0 736 3,606 42323 1,66
Apr. 10 27‚486 p 3‚496 2‚12
Jul. 19 27,696 3393 2,66
oct. 27 27,701 3,296 3,24
Dec. 66 27,304 3,206 3,3’3

Apr. 10 - 66, 976 ’ 16,69

1837Jan. 0 73519,213 4282455, 46 184ΞΙΪΒΠ O 735 57,090 4428231634

 

