91

Tabula vul.
1824.

Log. A Log. B Log. C Log. D Lug. τ

9,5073 ο,39ο2 ,ι o, , 1 η 1,2999
9,5539 0,3947 n o, 7 η 1,2790
9,5936 0,4085 2. 0,9723 2. 1,2426
9,6270 0,4275 2 1‚08 13 1· 1,1878
9‚6549 ο,4474 n 1,1569 22 1,1094

9,6782 0,4642 n 1,2093 n o‚9971
9,6979 0,4750 n 1,2438 a 0,8268
9,7151 ο,4775 n 1,2632 n o‚5 187
9,7309 0,47ο5 n 1,2690 2 9,277ο n
9,7461 0,4529 n 1,2619 ι ο,5628 ’,ι

9,7617 0,4245 η 1,2415 η 08447 η
9,7781 0,3851 η 1,2068 π 1,οο47 η
9,7958 0,3353 η 1,1556 ‚2 1,1113 ι.
9,8148 ο,2764 η 1,0835 n 1,1862 1.
9,8348 0,2110 n 0,9822 n 1,2391 η

9,8555 0,1436 η 0,8338 π 1,2751 n
9,8763 0,0810 η 0,5868 a 1,2969 η
9,8969 0,0319 η 9,9041 η 1,3061 ‚2
9‚9166 o‚oo45 η ο,3572 1,3032 2.
9,9351 0,0025 η 0,7235 1,2882 a

9,9520 0,0,230 ι. 0,9118 1,2600 η
9,9673 0,0576 η 1,0339 1,2168 ‚2
9‚9808 0,0970 η 1,1196 1,1550 η
9,9925 0,1331 n 1,1809 1,0682η
0,0027 ο, 1603 π 1,2240 ο,9430 n

Ψ.

0,0117 0,1743 η 1,2519 ο,7467 a
o‚o199 o‚1720n ,1,2664 034547.
0,0275 0,1503 ,ι 1,2682 0,0910
0,0352 0,1052 η 1,2572 0,6688
0,0432 0,0308 η 1,2324 0,9019

0,0520 9,9162η 1,1920 1,ο442
0,0616 9,7377η 1,1323 1,1413
0,0723 9,4201 a 1‚0469 1,2098
0,0837 7,1367 0,9225 1,2573
0,0953 93503 ο,7260 1,2880

0,1082 9,5877 03228 1,3037
0,1204 9,6811 0,0743, 1,3056
0,1322 9,7000 0,6475 ι. 1,2938

ωέιὲδζσιὲῖ

 

