152

Tabulae X. sect. Ι. β Leonis.

175ofsan. 0 1¹13& 1'2‘3‚409 1κέ 5'7 5836 1760 155. 1 1155431154 -1-105 5’4 5”1,08
Apr. 10 18‚408 58‚48 Apr. 10 47381 5139
Jul. 19 18‚399 5835 sul. 19 47,117 5134
055. 27Ι 18381 5838 055. 27 47360 5034
1355661 18354 5837 35566 47311 50,78

1751 Jan. 0 11 36 21‚437 ÷15 57 3831 1761 Jan. Ο 11 36 50,265 415 54 30‚78
Apr. 10 21‚403 3824 Apr. 10 50,321 30,58
Jul. 19 21,362 38,Βὲ Jul. 19 50,384 30‚34
055. 27 21313 3836 055. 27 50,452 3034
Dec. 66 Ι 21,257 ‚3856 Dec. 66 5o,527 29,7o

1752 Jan. 1 11 36 24349 -1-15 57 1833 15η. 0’11 36 53373 415 54 935
Apr. 10 24387 18,76 Apr. 10 53‚651 938
Jul. 19 24318 1935 Jul. 19 53‚733 837
055. 27 24143 1939 055. 27 53319 832
35566 24362 19,78 35566 53309 834

1753 15η. 0 11 36 27362 -1-15 56 5938 1763 155· 0 11 36 56350 ÷15 53 4834
- Apr. 10 27377 57 030 Apr. 10 57,o41 4733
sul. 19 26389 0,46 sul. 19 57,134 47,10
055. 27 26396 036 055. 27 57328 4635
35566 26300 130 35566 57323 4537

1754 15η. 0¹11 36 29305 -1-15 56 4136 1764055. 1 11 37 0363 ÷15 53 26,1ο
Apr. 10 29307 4131 Aps. 10 0‚458 2531
151. 19 39‚7o9 4239 Jul. 19 0,551 2432
055. 27 29310 4239 055. 27 0343 2432
35566 29311 , 4331 35566 0,734 2332

1755 Jan. 0113632316 ÷15 562334 1765155. 01137 3375 -1-15 53 336
Apr. 10 32317 2337 Apr. 10 3363 335
151. 19 32421 2430 Jul. 19 3348 - 236
055. 27 32328 2533 055. 27 4328 238
35566 32337 2536 35566 4,104 130

1756 Jan. 1 113635339 -1-15 56 539 1766155. 01137 7,151 -1-15 524133
Apr. 10 35351 632 Apr. 10 7324 4137
Jul. 19 35,168 632 Jul. 19 7390 4034
055. 27 35391 7,40 055. 27 7350 4034
355. 66 35320 737 355. 66 7,404 3936

1757 155. 0 11 36 33‚115 Ῑ15 55 47,72 1767 san. ciffi—37 1o,458 415 52 1935

 

 

 

 

 

Apr. 10 38349 4837 Apr. 10 10307 1930
Jul. 19 37390 48,77 Jul. 19 10348 18,79
055. 27 37339 4934 055. 27 10381 18,42

Dec. 66 37‚895 49,67 Dec. 66 10,606 18,oe

1758 san. 0 11 36 40380 -1-15 55 29,47 1768 155. 1 11 37 13369 -1-15 51 5838
Apr. 10 40343 2937 Apr. 10 13388 5734
151. 19 40314 3032 Jul. 19 13399 5730
055. 27 40394 3033 055. 27 13,701 57,41
35566 40382 30,78 35566 13394 5737

1759 155. 0 11 36 43357 415 55 1034 1769 15η. 0 11 37 16,768 -1-15 51 3735

’ Apr.· 10 43352 1035 Apr. 10 16,755 37,15
Jul. 19 43356 1131 Jul. 19 16,733 37,10

055. 27 43368 11,1 1 055. 27 16,703 37,12

35566 43390 11,16 35566 16364 37,19

 

 

