Tabulae X. Sect. I. α Leonis.

1760 1760 {2305

N‘XN mm

A. R. med.

*ww

151

Decl. med.

san. ο 411907 4232 - 5’ζ25 -14,6 -3 41 1750 955 ’1”,3943 413 1'0 3”9,564

10 41,177 425,1 - 6,60 -12,3 -2 0 1751

2ο 41203 4202 - 7,71 - 9,3 -2 0 1752

30 41593 416,1 - 3,56- 7,1 -2 -1 1753
Febr.9 ÷1,729 411,1 - 213.- 4,5 -1-1 1754
0-1 1756
0-2 1657
’2 41-2 1753

19÷1‚814÷ 6,1 —9,‚45-2o
Mart.1÷1,850÷ 1ΞΞ4--9524 ο,3

Apr. 10 -ff-l, 606
20 -1-1, 485
30 4-1, 356
Maj. 10 -ι-1, 226
20 -ι-1, 102

1111 11141 11111 411

2,
3,
4,
5,
5,
5
5,
5,
4,
4,
3,
2,
1,
O,
0,
1
3,

6
7
4
8
,8
6
3
8
2
4
7
8
8
4
,6
1

18 ÷o{795‡ 7,3 - 4,19
28÷O,881÷10‚o — 4,58- 4,8 -1

Sept. 7÷0‚995 -Ι-12,9 - 5,14— 6,6 -1
17 -1-1, 139 416,0 - 5,89- 8,5 -2
27 -4-1, 314 419, 1 - 6,84 -10,5 -2
Oct. 7÷1‚521 422,2 -— 7‚99 -12,5 -3
17 -1-1,758 -ι-25,2 - 9‚34 -14,4 --3

27 -1-2, 025 -4-28, 0 -10, 87 -16, 1 -4
Nov. 6 42, 317 430,ss -12 ,55 -17, 4 -4
16 -4-2, 630 -1-32, 1 -14, 34 -18, 2 -4
26 -1-2, 958 433,1 -16, 18 -18, 5 -4
Dec. 6 43,291 433,1 -18 ,03 -18,2 -4 -1

0000 00000

16 43,620 4322 -19,31 -172 -4-1
26 43234 4302 -21,47 -15,3 -4 -1
36 44224 427,4 -2226 -14,6 -4 -2

55 5,1063
55 32193
55 115316
55 14‚7439
55 17,9560
55 21,1630
55 24,3799
55 275913
55 302035
55 340151
55 372266
55 4ο,4330
55 435494
55 462606
55 50,0717
55 532327
55 56,4936
55 59,7044
56 22151
56 6,1253

ante

po'st ἒ Aug· 19 ,ζ

10 22,416
10 5,265
9 48,113
9 30,957

Α 9 13,300

3 56,640
3 39,479
3 22314
3 5,143
7 47279
7 30203
7 13,634
6 56,453
6 39230
6 22099
6 4,916
5 47,731
5 3ο,544
5 13354
4 56,162

Diei reducto addendum estz

In menas. Jan. et Febr. annorum bissextorum legitur 'dies insequens.

 

