’ 170

Tabulae X. Seot. Ι. α Herculi&

1¹¹7 „⁹31‘c'5‚495 1113413993
16‚505 40‚40
16907 41,19
16901 4199
16988 4291

17 3 19,221 ÷14 41 37‚65

19,202 88,47
Jul. 19 19,176 39,29
Oct. 27 19,143 40‚09
Dec. 66 19‚1o2 40‚89

1752 Jan. 1 17 321944 4-14 4135,74
Apr. 10 21,799 3693
Ju1.19 , 21,747 3797
Oct. 27 21989 3798
Dec. 66 21924 3896

1753 Jan. 0 17 3 24,374 -1-14 41 33,56

’ Apr. 10 24,307 34,21
Jul. 19 24,235 34,80

Oct. 27 24,159 35,Βὸ

Dec. 66 24,079 35,81

1754 Jan. O 17 326‚834
Apr. 10 26,752

Jul. 19 26,668
Oct. 27 26,583

. Dec. 66 26,497

1755 Jan. 0 17 329954
Apr. 10 29,167
Jul. 19 29982
001.. 27 28998
Dec. 66 28916

1756 Jan. 1 17 331971
Apr. 10 31991
Jul. 19 31914
oct. 27 31942 2197
Dec. 66 31973 2193

1757 Jan. o 17 334,123 414 41 1699
Apr. 10 34958 1690
Jul. 19 33999 1695
oct. 27 33945 1594
Dec. 66 33900 1496

1758 Jan. 0 17 336943 -1-14 41 1091
Apr. 10 36901 9,70
Jul. 19 36966 994
Oct. 27 36939 895
Dec. 66 36919 791

1759 Jan. 0 17 339,253 ÷14 41 3,01
affl&
Oct.27
Dec.66

1750 Jan. Ο
Apr. 10
Jul. 19
Oct. 27
Dec. 66

1751 J an. O
Apr. 10

414 41 3ο,79
3192
3199
3198
32,1ο

-ι- 14 41 27,17
27 ,34
·27,43
27,44
27,37

4-14 41 2294
22,42
2293

{⁹7 έ 41”966 414 4'0 5”5,29
41980 54,47
42901 5396

oct. 27 42929 5296

Dec. 66 42‚065 52,oe

1761 Jan. o 17 3 44981 -ι-14 4047,48
Apr. 10 44921 46,70
Jul. 19 44‚867 45,95
oct. 27 44,919 “’ 45,22
Dec. 66 44‚977 ,44,53

17 3 47986 -ι- 14 40 3992
47,747 3996
47913 3894
47983 3898
47957 3796

17 3 50960 ÷14 40 3299
50936 32,41
50914 3290
50994 3195
50975 ¹ 3197

17 3 53976 ÷14 40 2693
53,758 2699 .
53940 2692
53922 2692
54903 26,10

17 3 56,704 ÷ 14 40 2197-
56,784 2190
56961 · 2199
56935 2196
57907 2190

17 3 59,712 ÷14 40 1699
59,781 17,17
59945 1792
59904 1793
59959 18,41

17 4 2,67Ο ÷144013‚42
2,721 13,94
’2,765 14,51
2,803 15,13
2,834 15,80

17 4 5953 -1-14401095
5980 11,45
5999 12,18

06127 5911 1293

96666 5915 13,72

1769 Jan. 0 17 4 &343 -1-1440 8,64
Apr.1o 8941 9,44
Jul. 19 8932 1095
Oct. 27 &316 11,07
Dec. 66 8,292 11,89

1760 Jan. 1
Apr. 10
Jul. 19

1762 Jan. Ο
Apr. 10
Jul. 19
Oct. 27
Dec. 66

1763 Jan. 0
Apr. 10
J ul. 19
Oct. 27
Dec. 66

1764 Jan. 1
Apr. 10
Jul. 19
Oct. 27
Dec. 66

1765 Jan. Ο
Apr. 10
JuL 19
Oct. 27
Dec. 66

1766¹Jan. 0
Apr. 10
Jul. 19
Oct. 27
Dec. 66

1767 J an. Ο
Apr. 10
Jul. 19
oct. 27
Dec. 66

1768 Jan. 1
Apr. 10
Jul. 19

 

