186

Tabulae X. sect. I. 01 Cygni.

1750 Jan. 0 2032 552663 44³4 2’3 5738 1760'Jan. 1 20 33 121756 4-4‘21 25 5422
Apr. 10 55,711 5308 Apr. 10 14,730 5363
Jul. 19 55‚748 58‚75 Jul. 19 14,711 53,οε
Oct. 27 55779 5930 oct. 27 14598 5253 -
Dec. 66 55305 59,99 Dec. 66 14,692 52,13

1751 Jan. 0 20 32 57,836 444 24 1220 1761 Jan. 0 20 33 16733 -ι-44 26 4,70
Apt. 10 16,731 4,29
sun. 19 16‚735 3‚94
Oet. 27 16,746 , 3,65
Dec. 66 16,763 3,42·

1752 Jan. 1 20 32 59,924 444 24 2645 1762 Jan. 0'20 33 18‚796 ÷4426 15,92
2634 Ap„ 10 18,817 15,74
27,15 Jul. 19 18,843 15,62
2739 oct. 27 18,876 15‚57
27,57 Dec. 66 18,914 15,59

1753 san. 0 20 33 1,921 -1-44 24 39,93 1763 Jan. 0 20 33 20,940 -1-44 26 28,01
Apr. 10 1‚894 40,o6 Apr. 10 20,981 28,07
Jul. 19 1,861 40,12 Jul. 19 21,027 28’,19
oct. 27 1,322 40,11 Oct. 27 21,078 2838
Dec. 66 1,778 40,03 Dec. 66 21‚133 28,64

1754 Jan. 0320 33 3‚833 444 24 52,47 1764 Jan. 1 20 33 23,154 444 26 40,98

Apr. 10 3,735 · 52,34 Apr. 10 23‚211
Jul. 19 3732 52,14 Jul. 19 23,271
Oct. 27 3,674 51,37 061127 s 23,334
Dec. 66 3,612 51,53 Dec. 66 23,400

1755 Jan. 020 33 5,673 -1-44 25 4,07 1765 san. 02033 25,413 -1-44 26 54,73

- Apr. 10 5,609 3,69 Apr. 10 25‚485 55,28

Jul. 19 5,542 3,25 sul. 19 25,553 5522
051127 5,473 2,75 oct. 27 25,623 56,41 ·

Dec. 66 5,402 2,20 Dec. 66 25,693 , 57,04·

1756 Jan. 1320 33 7‚465 ÷44 25 14‚81 1766'Jan. 0 20 33 2-7’,709 444 27 9‚27
3³15? {3 ἔζὲἓῗ ·
Oct. 27 7,249
Dec. 66 7,176

1757 Jan. 0 20 33 9,240 -1-44 25 24,90 1767 Jan. 0 2ο 33 30,001 -1-44 27 24,23
’ ἰὲξίῗίἓ ἓὲῑῖἓζ
oct. 27 30,189
Dec. 66 30,245

1758 J an. Ο 20 33 11,Ο28 -4-44 25 34,62 fffss J an. 1 20 33 32,266 ÷44 27 39,39
Ρ Ρ
. 2

1759 J an. Ο 20 33 12,859 -1-44 25 44,29 1769 J an, Ο 20 33 34,479 -1-44 27 54‚46
Apr. 10 34‚515 55‚12
Jul. 19 34,544 55‚74
Oct. 27 34,567 56,32
Dec. 66 34‚584 56,85

 

