122

T ab ula I X. continuata.

Valores quantitatum C ἀ D pro singulis diebus.

November. December,
Log. C Log.D ’ Log.c Log.D

1750 1850 1750 1850 1750 1850 1750 1850

1,1706 1,1707 12874 12872 02551 02560 12716 12714
1,1647 1,1649 12972 · 12970 02363 02372 12747 12746
1,1587 1,1589 1,1067 1,1065 02165 02175 12777 12775
1,1524 1,1526 1,1159 1,1156 02956 02966 12805 12804
1,1458 1,1461 1,1247 1,1245 0,7734 02746 12832 12830

1,1391 1,1394 1,1332 1,1330 0,7500 02512 12857 12855
1,1321 1,1324 1,1415 1,1413 02250 02263 12880 12879
1,1249 1,1251 1,1495 1,1492 02984 02998 12903 12901
1,1174 1,1176 1,1572 1,1569 02698 02714 12923 12922
1,1096 1,1099 1,1646 1,1644 02391 02408 12943 12942

0
1
2
3
4
5
6
7
8
9

1,1015 1,1018 1,1718 1,1715 02060 02078 12960 12959
12932 12935 1,1787 1,1785 02699 ο,5719 12977 12976
12845 12849 1,1854 1,1852 02304 ο,5326 12992 12991
12755 12759 1,1919 1,1917 0,4868 0,4892 12005 12005
12662 12666 1,1981 1,1979 0,4381 0,4409 12017 12017

12566 12570 12041 12039 02831 02863 12028 12028
12466 12470 12100 12098 02200 02237 12038 12037
12362 12366 12156 12154 02460 02504 12046 12045
12254 12259 12210 12208 0,1565 02619 12052 12052
12142 12147 12262 12260 02434 02505 12058 12057

12026 12031 12312 12310 92899 92000 12062 12061
02905 02910 12360 12358 92500 92675 12064 12064
02779 02784 ,12407 12405 92688 92323 12065, 12065
0 02647 02653 12451 12450 92271η 9,2876,, 12065 12065
02511 02517 12494 12492 9,7339,, 9,7188,, 12064 12064

02368 02375 12535 12534 924027, 023085 12061 12061
26 02219 02227 12575 12573 0,0793,, 02726η 12056 12057
02064 02071 12612 12611 0,1845,, 0,1791,, 12051 12051
02901 02909 12648 12647 026897, 0,2646,, 12044 12044
02780 02739 12683 12681 02395 η 023585 12035 12036

02551 02560 12716 1,·2714 0,4001,, ο,3968,, 12025 12026
02363 02372 12747 12746 0,4531,, 0,4502,, 12014 12015
’ 0,5002,, 0,4977,, 12001 12002

 

