Tabulae X. Sect. IV. α Ursae minoris.

1820 J an. 1

1821 Jan. Ο
⁴ Apr.1o
Jul. 19
oct.27
Dec.66

1822 Jan‚ Ο
Apr. 10
Jul. 19
oct. 27
Dec. 66

1823 Jan. Ο
Apr. 10
Jul. 19
Oct. 27
Dec. 66

1824 Jan. 1
Apr. 10
Jul. 19
Oct. 27
Dec. 66

1825 Jan. O
Apr. 10
Jul. 19
oct. 27

Dec. 66 Ἰ

1826 Jan. Ο
Apr. 10
Jul. 19
oct. 27
Dec. 66

1827 Jan. Ο
Apr. 10

, Jul. 19
oct. 27

Dec. 66

1828 Jan. 1
Apr.10
Jul. 19
Oct. 27
Dec.66

1829 Jan. 0
Apr. 10
Jul. 19
oct. 27
Dec. 66

ὃ 5’6 4’1,17

0 56 57,68
5257
5261

57 0‚78
209

0 57 1234
17,74
1223
2283
2254

0 57 3275
3250
4231
4217
4210

0 57 5233
58 0,26
219

4,11

203

0 58 2236
2225
2207
2283
27,52

0 58 4203
4267
4218

. 4256
47,81

059 256
273
4,73
5,57
225

0 59 21,29
21,85
2222
2241
2242

O 59 37‚77

37,65 v

37,34
3285
3217

88 26 5273
5232
5290
57,46
5200

88 21 17,24
· 17,77
1226
1270
1210

88 21 3241
3278
3211
3238
3261

88 21 5297
5216
5230
5238
5240

88 22 1283
1281
1274
1260
1242

88 22 37,91
37,68 ζ ξ’ξξ
37,40 ’

37,ο7 1333}

36‚69 ι

88 22 5223 - 0 41
55,82 0⁹45
55,36 ““ 0⁹49
54‚87 - 0⁹5 4
54,33 “·· ’

88 23 1292
1236
1278
1217
11,54

88 23 31,16
3251
2287
2223
2258

88 23 4219
47,54
4292
4231

- 0,56
- 0,58
- 0,61
- 0,63

- 0,65

525

471

418

 

431

116

’454

852

