2⁵5

'fabulae X. Sect. 11. y Aquilae.

1 7 8 ⁰ 1 7 8 0 ζζζοξῗ) A. R. med. Decl. med.

ww& «ww

ἵ 54140- 1ἵ3944- 5,3 620'8- 17,3 41 41 1770193519, 3331 410 4’ ιῖ353
- 1ο-1,3334 3ζ9 1,66 -ζ174 041 1771 35331935 413ζ453
30- 1 ,1,164134 3ζ39 -16ζ9 041 1773 3535ζο439 430357
4., 30 .-0, 975 415, 6 5, ’03 -15 ,7 -1 41 1773 35 37ζ9043 433,665
Febr 9 -0’ 304 413, 5 6ζ53 -133 -1 41 1774 35 3ο,7595 4 36,777
. 1775 35 333143 4 44393
ς’, 19 -0,606 431,1 - 7,79 ..113 -3 41 1776 35 364701
1114431 -0333 4333 - 3,77 - 3,1 -3 41 1777 35 393354
11 -0,14ο 4353 - 9,41 - 4,6 -3 41 1773 35 431307
31 4ο,131 436,9 - 9‚69 - 0,3 -3 41 1779 35 453360
31 40, 397 433,1 - 9, 57 4 3, 3 -3 0 1730 35 473913
, 1731 35 5ο,7466
· Apr. 10 4ο, 733 4333 - 9,06 4 7‚o -3 0 1733 35 533013
· 30 40, 974 439, 3 .- 3,13 410, 5 -3 o -1733 35 564571
4 3ο 41, 363 4.,39 1 - 6, 97 413, 6 -3 0 1734 35 593133
Maj. 1041, 556 “4’ἶ,334 - 5’ ,46 416,4 -3 0 1735 36 3,1676
3041, 335 437,1 - 3, 70 413, 5 -3 o 1736 36 5,ο333
1737 36 73730
7 419, 9 -3 41 1733 36 10,7333
430, 3 -1 41 1739 36133335
31, o -1 41 1790 36164437

υ, 30 -4-2, 098 425, 2
«ζ, Jun. 9 ÷2,339 4223

;. 2942,,7314-1
,Ἰ su1,9÷2„872÷1

33333

Diei reducto addendum est:

‘²¹¹oe ἓ Jan. 11 ἔ ⁰
post -Ι- 1

19433714,
’ 29÷3‚o27÷
Aug. 843937-
18÷3‚oo5- 5,
3343333- 9,1 41

52, sept 7 43, 333 -,134 415,
³ 17 43, 635 -,14 3 416,
27 -4-2, 527 -16, 6 416, 43·
’ oct. 7 43, 354 -17,4 416, 61
’“ 17 43, 179 -,17 ’3 416, 53

355ὶὲῐὲ

8

4444 4444

›as-na

Ξὲὲῗ ⁹23&
14444 44444 444

1,
0,
3,
4,
6,
8,
0,
1,
3,
4,

44444 444

00
ζ

Nov. 641,856-14,3 -4-15,59- 7,2 4244
1641325 —11‚.7 ÷14‚74- 9,6 4244
26÷1‚623- 8,5 413‚67 -,118 ÷2÷4

Dec. 6÷1‚556- 419 ÷12‚38 -13,9 42 45

16 ÷1,526 - 1,1 41030 -15,5 41 45
36 41335 4 3,9 4 9,33 -16,7 41 45
36 41333 4 6,7 4 7,57 -17,3 ο 45

In mensa. Jan. et Febr. annorum bissextorum legitur dies insequens.

 

