42⁰

Tabulae X. Soet. IV. a Cygni.

1810 san. 0 26 3’4 5’8,060 -1-4ῗ1 3’6 3”1,05

Apr. 10
1111. 19
Oct. 27 57‚894
Dec. 66 57,83Ο

1811 Jan. O 20 34 59,893

58,οο9
57,954

· 30,87
30,62
30,31
2993

444 36 4261

42,19 ,

41,71
41,18
40,60

Apr. 10 , 1,608
52,08

Dec. 66 1,391
÷44 37 3,47
135
12,53
10,33

1815 J an. Ο 20 35 7‚089
21,75

444 36 5334
Jul. 19 1,535
51,40
*fg-13 Jan. o 2ο 35 3,456
ΙΑΡΥ. 10¹ 3385 2,74
Jul. 19 3,316
oct. 27 3,250
066. 66 3,187 0,49
11,78
-1-44 37 23,12
21,11

1812 Jan. 1 2ο 35 1,681
52,74

Oct: 27 1,463
50,68
2,οο
1814 san. o 2ο 35 5,249 -1-44 37 13,29
,11,05
22,42
2ο,51

1816 san. 12035 8,997
Apr.1o 8,975
Jul. 19 8,959
oct. 27 8,949 31,72
066. 66 8,946 31,31

1817 Jan. Ο 20 35 10,987 -1-44 37 43,99
Apr. 10 1⁰,988 43‚62
Jul. 19 10‚996 43‚31
Oct. 27 11‚01o 43‚06
Dec. 66 11,030 42,88

1818 san. 0 20 35 13,064 444 37 55,50
Apr. 10 13‚o88 55‚36
Jul. 19 13,117 55,29
Oct. 27 13,152 55,28
066. 66 13,193 55,34

1819 Jan. Ο 20 35 15,22Ο 444 38 7,87
Apr. 10 15,265 7,98
Jul. 19 15,313 8‚15
oct. 27 15,365 8,38
Dec. 66 15‚421 8,68

32,69
32,18

1823 Jan. 0 20 35 24,302 -1-44 39 5,05
Apr. 10 24,367 5,79
1111. 19 24,428 6‚53
Oct. 27 24,486 7,27
Dec 66

445} 32221213
21‚47
21,86

1820 san. 1 26331½443
Apr.19 17‚503
Jul. 19 17,565
oct. 27 17,629 22,31 s
06666 17,696 2281- ’

1821 Jan. o 20 35 19,715 -1-44 38 35,20
Apr. 10 19,783 35,73

Jul. 19 19,852 36,30

· oct. 27 19,922 36,91
066. 66 19,993 37,56

1822 1 an. 0 20 35 22,Ο10 444 38 49,91
Apr. 10 22,Οὸ0 50,58
1111. 19 22,149 51,28
Oct. 27 22,217 51‚99
Dec. 66 22,283 52,73

24,540

8,Ο1

1824 san. 1 2ο 35 26,564 -1-44 39 2ο,33
26,616 21,06
26662 21,77
26,704 22,46
26,74ο 23,12

1825 san. 0¹20 35 28,770 -1-44 39 35,47
Apr. 10 28803
Jul. 19 -26‚829
oct. 27 28,849
066. 66 28,863

Apr. 10
J ul. 19 ,
Oct. 27 30‚908
Dec. 66 302897

1827 Jan. 0 20 35 32942 1-44 40 4,15
Apr. 10 32927 4,.39
Jul. 19 32‚905 4,56
Oct. 27 32877 4,66
066. 66 32,842 Ι 4,69

’1828 Ean, 1 20 3534895444 40 17,27
Apr. 1οι 34856 17,25
sul. 19 34‚812 17,16

30909
30912

 

061. 27 34763 17,οο
066. 66 34,708 16,76

1829 Jan. Ο 20 35 36,768 444 40 2243 ,
Apr. 10 36,710 29,15
Jul. 19 36‚649 28,81
Oct. 27 36,585
Dec. 66 36,517

2831
27,94

 

