21

Tabula VIII.
1754.

Log. Α Log. Β Log. C Log. D Log. τ

san. 0 9,1523- 0,9480 0,5108 n 1,2998
93417 0,9445 0,8ο75 n 1, 2789
9,3114 0,9383 0,9728 n 1, ’2424
9,3660 0,9302 1,0816 π 1, ’1876
9,4ο91 0,9213 1,1570 η 1, 1091

9,4433 0,9129· 1,2094η 0,9967
9,4709 0,9064 1,2438η 0,8263
9,4948 0,9027 1,2632η ο,6179
9,5151 0,9026 1,2690 η 92855 ‚2
9,5351 0,9061 1,2618 n 0,6630 η ,

9‚5556 0,9129 1,2415 n o‚8446 n
9‚5774 0,9221 1,2068 n 1,0046 η
9,6011 0,9328 1,1567 π 1,1112 η
9,6266 0,9437 1,0836 η 1,1861 η
9,6535 0,9539 0,9825 η 1,2390 π

9,6812 0,9623 0,8344 n 1,2750 n
9‚7089 0,9683 o‚5880 n 1,2969 n
9,7358 0,9716 9,9107 n 1‚3061 n
9,7614 0,9718 0‚3547 1,3033 n
9,7850 0,9692 ο,7225 1,2883 η

9,8063 0,9640 0,9111 1,2601 η
9,8252 0,9568 1,0335 1,217οη
9,8416 0,9484 1,1193 1,1552η
9,8555 0,9398 1,1807 1,0686 n
9,8674 0,9321 1,2238 0,9435 π

9,8777 0,9262 1,2518 0,7472 n
9,8867 o,9231 1,2664 0‚3464 n
9,8952 0,9233 1,2682 0,0901
9,9037 0,9269 1,2572 0,6688
9,9128 0,9336 1,2324 , 0,9020

9,9228 0,9425 1,1919 - 1,0443
9,9341 0,9526 1,1321 1,1415
9,9466 0,9627 1,0466 1,2099
9,9603 0,9716 0,9220 1,2575
. ⁷ 9,9748 0,9784 0,7251 1,2880

9,9896 0,9823, 0,3202 133038
0,0043 0,9831 0,0791 ,ι 1,3056
0,01834 0,9805 0,6487,. 1,2937

 

