510

Tabulae X. Sect. V. α Andromedae.

1830 Jan. 0215937299 1840 Jan. 1 36 '7'‚753 -1-2‘1'31'2 2699
Apr. 10 36298 Apr. 10 7‚s5o 2725
161. 19 36297 161. 19 7245 2828
oct. 27 36296 oct. 27 8238 2828
Dec. 66 36296 Dec. 66 8,130 2926

1831166. 0123 59 39208 -1-28 92224 1841166. 0 0 0 11,180 -1-28124821
Apr. 10 39210 2129 p
Jul. 19 39214 2128
06127 39222 2120
39232

Dec. 66 2026

1832 Jan. 1 23 59 42,541 -1-28 9 40,61 1842 Jan. Ο Ο Ο 14,566 -1-28 13 10‚19
Apr. 10 42‚455 4Ο,2Ο Apr. 10 14,638 1o‚49
Jul. 19 42,376 39‚84 J ul. 19 14,703 10‚74
Oct. 27 42,303 39,53 oct. 27 14,761 10‚94
Dec. 66 42,236 39,27 Dec. 66 14,812 11,Οὸ

18331166. 0³23 59 45236 -1-28 95925 1843166. 0 0 0 17277 128 13 3024
116610 45274 5923 p . χ17223 3125
161. 19 45220 5826 17260 31,10
οοι. 27 45,174 5825 17289 31,10
Dec. 66 45,136 5829 Ι 18210 3124

18341166. 0 23 59 48227 1-1-28 10 1821 1844166. 1 0 0 21,085 §.q-28 13 5027
Apr. 101 48‚195 18,59 Δ Apr. 10 21,099 1 5027
161. 19Ι 48,171 1823 161. 19Ι 21204, 5022
oct. 27! 48,157 1822 oct. 271 21,100» 5021
Dec.663 48,151, 1827 Dec. 661 21,087 5ο,24
1835 san. οῑ23 59 51232 ψ28 103822 1845 166. o 0 0 24,173 128 14 10,24
Apr. 1οι 51233 3820 Apr. 10 24,158 924
161. 19 51242 3924 161. 19 24,125 929
001. 27 51260 3923 001. 27 24287 9,19
Dec. 66 51287 3927 . Dec. 66 24241 8,75

’ 1836166. 123 59 54256 12810 5926 1846 san. o o 0 27,139 428142821
Apr. 10 54289 5924 Apr. 10 27,ο87 2824
161. 19 54‚429 11 025 161. 19 27,ο27 2724
oct. 27 54278 0,78 οοι. 27 26260 2720
Dec. 66 · 54234 125 Dec. 66 26286 2623

1837 san. 023 59 57294 ψ28112029 1847 san. o o 0 29293 2281446231
Apr. 10 57255 21,49 Apr. 10 29215 4624
161. 19 57221 2222 161. 19 29‚‘831 4524
oct. 27 57294 2227 Oct. 27 29242 4522
Dec. 66 57272 23,14 Dec. 661 29248 4428

1838 Jan. 0 O Ο 0,925 -4-28 1142,86 18481616. 1 Ο Ο 32362 -1-2815 4,51
Apr. 10 1‚oo7 43‚44 Apr. 10 32,666 ’ 3,88
Jul. 19 1992 4492 Jul. 19 32‚568 3,25
Oct. 27 1,181 44,62 Oct. 27 32,468 2,63
Dec. 66 1374 45,22 Dec. 66 32,367 2,01

1839 san. o ο o 4222 ψ28 12 423 1849166. 0 0 0 35,482·-1-28 15 2222
116610 4,417 p . 35280 2122
161. 19 4212 35280 2024
Oct. 27 4208 35,181 2029
96666 4205 , 35284 1926

 

