Tabula v111.
1801.

Log. Α Log. B Log. 0 Log. D Log. τ Ε

wwwwww

8340477 0308077 03097 77 13999 - 00 -631
83894 77 03145 77 03070 77 13790 8,4363 , -- 031
73351 03337 77 03735 77 13436 83373 .- 031
83867 03344 77 1381477 1,1878 83134 ’-0,01
83369 03355 77 1,1569 77 1,1093 93383 -031

83804 03554 77 13093 77 03970 93353 - 031
83783 03633 77 13438 77 03366 93144 - 031
9,1533 0368677 1363377 03184 93813 -031
93137 03706 77 13690 77 93798 77 93393 - 031
93661 03695 77 , 13619 77 03639 77 93905 .- 031

93163 03654 77 13415 77 03447 77 9,4363 - 031
93646 0358677 13068 77 1304777 9,4776 -031
9,4138 03505 77 1,1556 77 1,1113 77 93154 - 031
9,4606 0341477 13835 77 1,186377 93503 .-0,01
9,5077 03336 77 03833 77 13391 77 93834 .- 031

9,5533 03353 77 03340 77 13751 77 93133 - 031
9,5967 03303 77 03873 77 13969 77 93404 .- 031
93374 03180 77 93063 77 13061 77 93667 -. 031
93748 03191 77 03564 13033 77 93915 030
93086 03334 77 03333 13883 77. 93150 030

93388 03303 77 03116 1360077 93373 030
93653 03391 77 13338 1316877 93585 030
93883 0348777 1,1195 1,1551 77 93787 030 ,
93083 0358077 1,1809 1368377 93980 030
93354 0366177 13339 0343377 93164 030

93405 0373377 13519 0346977 93343 030
93541 03757 77 13664 03457 77 93513 030
93669 03761 77 13683 0,-0907 93676 . 030
93794 0373477 13573 03688 93834 030
93934 03679 77 13334 03019 93986 030

93063 03599 77 1,1930 13443 93134 030
7 93311 0350377 1,1333 1,1414 93376 030
93371 0340377 13468 13099 93414 030
93541 0331077 03333 13574 93547 030
93716 0333477 03357 13880 93677 030

’93893 0318977 03319 13037 93803 000
03066 0318077 0375977 13056 93935

03330 0330977 03479 77 13937 03044

 

