117

Tabula IX.

Valores quantitatum C ὥ D pro singulis diebu&

janua-rius. Februarius.

Log. C Log. D

c Β 1750 1850 1750 1850 1750 1850 1750 1850

ωηο-ΝΜ

1 051097, 050857, 1,2998 1,2999 1,ο9047, 1,ο9007, 1,1809 1,1813
2 055237, 0,55017, 1,2984 1,2985 1,ο9897, 1,ο9857, 1,1740 1,1744
3 058997, 0,58797, 1,2968 1,2969 1,10717, 1,10677, 1,1668 1,1672
4 0,62457, 062267, 1,2951 1,2952 1,11507, 1,11477, 1,1594 1,1598
5 065637, 065467, 1,2932 1,2933 1,12277, 1,12237, 1,1518 1,1522

6 068587, 068427, 1,2912 1,2913 1,13007, 1,12977, 1,1438 1,1442
7 ο,71337, ο,71187, 41,2890 1,2892 1,13727, 1,13697, 1,1356 1,1360
8 ο,73917, ο,73777, 1,2867 1,2868 1,14407, 1,14377, 1,1271 111275
9 ο,76337, ο,762ο7, 1,2844 1,2845 1,15077, 1,15047, 1,1183 1,1187
1ο ο,78617, ο,78487, 1,2817 1,2818 1,15717, 1,15687, 1,1091 1,1096

0
1
2
3
4
5
6
7
8
9

11 ο,80767, ο,8ο647, 1,2789 1,2791 1,16327, 1,16307, 1,ο996 1,1001
· 12 ο,82797, ο,82687, 1,2760 1,2762 1,16927, 1,16897, 1,ο898 1,ο903
13 ο,84727, ο,84627, 1,2729 1,2731 1,17497, 1,17477, 1,ο797 1,ο801
14 ο,86567, 086467, 1,2697 1,2699 1,18047, 1,1802η 1,ο691 1,ο696
15 ο,88317, ο,88227, 1,2663 1,2665 1,18577, 1,18557, 1,ο582 1,ο587

16 ο,89977, ο,89897, 1,2628 1,2630 1,19087, 1,19077, 1,ο468 1,ο473
17 0,91577, 0,91487, 1,2590 1,2592 1,19587, 1,19567, 1,ο35ο 1,ο355
18 0,93097, 0,93017, 1,2551 1,2554 1,20057, 1,20037, 1,ο227 1,ο233
19 0,94557, 0,9447 ,1,2511 1,2513 1,20507, 1,20497, 1,ο1οο 1,ο105
20 0,95947, 0,9587π 1,2468 1,2471 1,20947, 1,20937, 0,9967 0,9973

21 0,97287, 0,97217, 1,2424 1,2427 1,21367, 1,21357, 0,9829 0,9835
22 0,98577, 0,98507, 1,2378 1,2381 1,21767, 1,21757, 0,9685 0,9691
23 0,98807, 0,99747, 1,2331 1,2333 1,22147, 1,22137, 0,9535 0,9541
24 1,οο997, 1,οο937, Δ1,2281 1,2284 1,22517, 1,22507, 0,9378. 0,9384
25 1,ο2137, 1,ο2087, 1,2229 1,2232 1,22867, 1,22867, 0,9214 0,9220

26 1,ο3237, 1,ο3187, 1,2176 1,2179 1,23207, 1,23197, 0,9042 0,9048
27 1,ο4297, 1,ο4247, 1,2120 1,2123 1,23527, 1,23517, ο,8861 ο,8868
28 1,ο5317, 1,ο5267, 1,2062 1,2065 1,23827, 1,23827, ο,8672 ο,8679
29 1,ο6297, 1,06257, 1,2002 1,2005 1,24117, 1,24107, ο,8473 ο,848ο
30 1,ο7247, 1,ο7207, 1,1910 1,1943 1,24387, 1,24387, 08263 ο,8270

31 1,ο8167, 1,ο8117, 1,1876 1,1879
32 1,ο9047, 1,ο9007, 1,1809 1,1813
1,ο9897, 1,ο9857, 1,1740 1,1744

 

