Tabulae X. Sect. l. α Canis majoris.

1760

Μ

1760

Μ

san. o÷i'‚426 -ι- 8,9 - ἵ,85 —23‚6 οζ41 1750 634 7’ζ7542 -1062332663
10 41,491 4 4,1 - 4,17 -22,2 41,

2041307- 03 - 639 -2ο,1 ,Σὲ

1

1

30 ÷1‚475 — 5,5 — 8,18 -17,6

Febr.9 ÷1‚397 — 9,8 — 9,81 -14,9 ÷

19 ÷1‚279 - 3,5 -11,15 -113 4
Mart. 1 41,123 -163 -12,13 - 33 4
11 40,954-13,2 -1230- 5,6 ÷
21 40,765 -19,1 -13,29- 2ιέ 4

4

31 40,572 -19,0 -1337 4

2

Apr. 10 40335 -13,0 -13,14

30 40,064 -13,4 -11,73
Maj. 10 -ο,055 -1ο,2 -1033 41 ,
20 -0,139 - 6,6 - 933 41

0
4 3,9
20 40313 -16,1 -12,60 4 63 ..-
÷ ἓξ ÷
4,6
7
4

30 -ο,136 - 23 - 7,76 416,
Jun. 9—0‚194 4 1,2 - 539 413,

Var. 10

annor.
w

41 1751
41 1752
0 1753
ο 1754
1755
0 1756
0 1757
-1 1758
-1 1759
-1 1760

1761
1 1762

2 1763

2 1764
2 1765
2 1766

1767

÷ -3 1768
-ι- -3 1769

A. R. med.

’Μ

34 103930
34 120417
34 153355
34 133293
34 203730
34 23,61 63
34 263606
34 233044
34 313432
34 341920
24 363353
34 324796
34 421234
34 44,7672
34 47,411 1
34 50‚o549
34 526933
34 553426
34 573365

141

Decl. med.
Μ

23 36337
23 41,109
23 45335
23 49,565 ,
23 53,799
23 53,037
24 2273
24 6,524
24 10,773
24 15,025
24 19232
24 23542
24 27307
24 32075
24 36347
24 40,622
24 44302
24 49,135
24 53,472

2
2
2
2
3
2
42
2
2
2
2
0
Ο

19 -ο,162 4 5,2 - 4,ο3 4193
29 -0,091 4 3,9 - 207 420,4
Jul. 9 40,016 4124 0,00 4203

19 40,157 415,6 204 420,0 -1 -3

29 40329 4133 4 00 4133 -1 -3

⁸ 33 433 ε
ff ἐξ 40396 425ζ3 3

9

-3 1770 35 Ο,6303
οῐξ , Ι

24 57‚763

Diei reducto addendum est:

31 417,0 -1 -3

ἰ ante
‚40 414,5 -2 -3
2

e
post} Jun.29 ζ

71 411,4 -2 -3
Sept. 7 ÷1‚257 426,8 4- 67 -ι- 7,7 -2 -3
17 ÷1‚531 4229 ÷10‚24 -ι- 3,6 -2 -3
27 ÷1‚815 ÷28,7 ÷1o‚39 — o‚8 -2 -3
oct, 7 ÷2‚104 429,1 410,Οὸ - 5,3 -2 -3
17 ÷2,396 429,0 -ι- 9,34- 9,6 -2 -2

27 42633 4233 4 3,17 -13,7 -2 -2
Nov. 6 42962 427,2 4 6,61 -173 -2 -2
16 43327 425,4 4 4,72 -20,2 -2 -2
26 42470 4229 4 257 -22,4 -1 -2
Dec. 6 ÷3‚685 4193 4 ο,24 -233 -1 -2

16 43365 416,0 - 219 -24,4 -1 -2

26 ÷4‚oo5 411,ss —- 4‚63 -24‚1 0 -2
36 ÷4,1oo -ι- 7,1 - 7,ΟΟ -23,3 0 -3

In menss‚ Jan. et Febr. annorum bissextorum legitur dies insequens.

 

