448

Tabulae X. sect. V. α Aurigae.

1830 san. 0 54 8851 443 4'84'4,es 184OJan. 1 3459117 4450494'63412
Apr. 10 8,422 Apr. 1ο 53846 4585
Jul. 19 8885 sul. 19 - 53859 45,71
051. 27 8,151 oct. 27 53888 45,40
855. 55 8820 Dec. 66 53801 · 4583

1831 Jan. 0 5 4 12478 -ι-454849,43 1841 Jan. 0 5 4 57880 445494981
12851 49,7ο Apr. 10 58,089 4889
12830 5084 Jul. 19 , 58,190 4881 v
12,117 5085 001. 27 58883 4888
12810 5083 115565 5885 4789

1832 Jan. 1 5 4 16‚459 -1-45 48 55,17 1842 san. 0 5 5 2,75,-ι -1-45 49 5284
Apr.1o 16858 5589 Apr. 10 2835, 51,41 -
Jul. 19 15858 5585 Jul. 19 2862 50,74
001. 27 15,188 5588 oct. 27 2858 5084
Dec. 66 15,118 57,56 Dec. 66 3804 49,3ο

1833 Jan. 0 5 4 20855 445 49 1,73 1843 san. 0 5 5 7,408 -1-45 495389
Apr. 10 . 2ο,493 2,43 Apr. 10 7,445 53,12
sul. 19 2ο,443 3,15 Jul. 19 7,471 5283
oct. 27 2ο,4ο5 382 Oct. 27 7,484 5183
Dec. 66 20879 4,72 Dec. 66 7,484 5ο,71

1834155. 0 5 4 24802 ÷45 49 8,85 18441555. 1 5 5 11803 ÷45 49 5582
Apr. 10 24,784 Apr. 10 11,895 54,5ο
Jul. 19 24,779 sul. 19 11,874 53‚68 ·
Oct. 27 24,787 Oct. 27 11,841 52,88
Dec. 66 24805 Dee. 66 11,795 5288

1835 Jan. Ο 5 4 29314 445 49 1620 ÷45 49 56‚67
Apr. 10 29‚242 17,01 p 55‚88
Jul. 19 29‚281 17‚80 55‚13
oct. 27 29,332 18‚57 54,41
Dec. 66 29‚395 1932 53,73

18351155. 1 5 4 33,788 ÷45 49 23,45 1845 Jan. o 5 5 2ο,395 445 49 58‚27
Apr. 1ο 33859 24,19 Apr. 10 20801 5782
Jul. 19 33837 2487 Jul. 19 20,198 5782
oct. 27 34825 2582 oct. 27 20887 55,47
Dec. 66 34,122 25,12 85555 19858 ν 5588

1837 Jan. 0 5 4 38805 ÷45 49 3080 1847 san. o 5 5 24,427!÷45 5ο 0,45
38809 3087 Apr. 10 24803 081
38,717 3188 Jul. 19 24,174 49 5983
38832 3183 001. 27 24841 5983
38853 3282 85565 23804 59,10

1838 san. 0 5 4 43828 ÷45 49 35,47 1848 san. 1 5 5 28859 ÷45 5ο 3,47
43853 3581 Apr. 10
43880 3788 sul. 19
43,710 3780 Oct. 27
43843 37,45 85555

· 1839 Jan. Ο 5 4 48,215 ÷45 49 41,77 1849 Jan. 0 5 5 32,269 -1-45 50 7‚49
Apr. 10 48,348 41,87 Apr. 10
Jul. 19 48‚481 41‚89 Jul. 19
oct. 27 48‚613 41,84 Oct. 27
Dec. 66 48‚744 41‚71 Dec. 66

 

