Tabula vul.
1788.

Log. Α Log. B Log. C Log. D Log. τ

92338 02737 02100 η 12998
92763 02662 02071 η 12790
92128 02373 02725 η 12425
92436 92910 12814η 1,1877
92693 92338 1257οη 1,1093

92908 92764 120947. 02969
9,7089 92345 12438 η 02265
92246 92255 12632 η 02183
92390 92578 126907. 928141.
92530 92246 12619 n 02629 η

4 ÷÷÷÷÷ ÷÷,
0 „QUOP'OQO s'05³⁸‘ ἦ, υ
33333 33

⁹ ”8

9‚7674 0‚oo99 12415 n o‚8446 n
9,7828 o‚0989 12068 n 12047 η
92994 02820 1,1556 n 1,1113 n
92174 02545 12836 η 1,1861 η
92365 02143 02824 n 12390 η

92563 02612 02341 η 12751 n
92764 02953 02874 η 12969 η
92962 02173 92075 n 12061 η
92153 02281 02559 12033 η
92332 02288 02230 128827.

92496 02209 02114 12601 η
92644 02061 12337 12169 η
92774 02870 1,1194 1,1551 η
92886 02669 1,1808 126835
92984 02499 12239 024333

02069 02401 12519 0,7470 n
02146 02412 12664 02459 η
02219 02547 12682 1 02905
02291 02802 12572 02688
02368 02145 12324 · 02020

02451 02537 1,1919 12443
02545 02936 1,1322 1-,1414
02648 02309 12467 12099
02760 02629 02222 12574
02879 02830 02255 12880

0,1000 02054 02214 12037
02121 02147 02708 a 12056
0, 1237 02163 02481 n 12937

ρρυορρ ρρρρρ υ υ „ „ υ
38333 33333

 

