116

Tabula VIII.
, 1849.

Log. A Log. B Log. C Log. D

ΜΜῸΝΜ

0 83820 η 03691 03085 η 13999
83419 η 03633 03064 η 13791
83339 η 03547 , 03721 n 13427

· 83393 03441 13811 η 1,1879
83786 03327 1,1568 π 1,1096

83698 03218 13093 n 03973
83637 03124 13438 η 03270
83700 03058 13682 n 03190
93357 03027 13690 n 93740 n
93936 ’ 03032 13619 n 03628 n

9‚1481 03071 13415 n 0,8447 η
93021 03136 13068 n 13048 η
93565 03216 1,1556 η 1,1114 η
93111 03301 13834 ⁷2 1,1863 η
93652 03378 03821 η 13392 n

9,4177 03438 03336 n 13751 n
9‚4674 03474 03863 n 13970 η
93136 03480 93018 n 13061 η
93557 03456 03580 13032 π
93933 03401 0,7239 138827.

93262 03318 03120 13599 n
93547 03212 13341 13167 η
93789 03092 1,1197 1,1549 ‚2
93993 03968 Υ1,1810 136807,
9,7166 03852 13240 03429 η

9,7312 ,0,8755 13519 0,7465 n
9,7442 03689 13665 03451 n
9,7562 03659 13683 03913
9,7681 03668 13572 03688
9,7807 03713 13325 03019

9,7946 03784 1,1920 13441
>93099 03871 1,1324 1,1413
93268 03958 13470 13098
93451 03033 03226 13573
93642 03084 03263 13879

93835 03102 03237 13037
93024 03083 03726 η 13057
93203 03024 03470 n 13938

 

