142

Tabulae X. S'ect. I. α Geminorum.

1750Jan. o 31& 37965 1322213097 17601311. 1 71915911 -ι-32232599
Apr. 10 37‚572 3097 Apr. 10 13‚538 2693
Jul. 19 37‚569 2993 Jul. 19 13‚575 27‚24
001. 27 37953 2391 001. 27 13921 2792
113366 37923 27,75 · 113666 13973 2396

1751 Jan. 0 7 18 41,890 -1-32 24 21,18 1761 Jan. 0 7 19 17,509 432 23 21,47
Apr. 10 41,357 20,44 Apr. lo 17,572 22,07
Jul. 19 41,313 19,75 Jul. 19 17‚643 22,62
Oct. 27 41,260 - 19,11 Oct. 27 17,722 23,11
Dec. 66 41,196 18‚48 Dec. 66 17,810 23,55

1752 Jan. 1 7 18 45‚070 ÷32 24 11,85 1762 11111. 0 7 19 21,631 -1-82 23 16‚54
Apr. 10 45,ooo 11,27
1 ul. 19 44‚921 10‚75
Oct. 27 44‚834 1Ο,29
Dec. 66 44,738 9,89

1753 Jan. Ο 7 18 48,623 -1-32 24 3,19 1763 Jan. 0 7 19 25,845 432 23 10,77
Apr. 10 48,523 2,83 Apr. 10 25,955 10,92 ·
1111. 19 48‚417 2,55 1111. 19 26,068 11,00
Oct. 27 48‚306 234 Oct. 27 26,183 11,00
Dec. 66 48,190 2,21 Dec. 66 26,300 10,93

1754 Jan- 0 718 52981 -1-3223 55,41 17641311. 1 71930,111 -1-3223 4,07
Apr. 10 51962 5593 Apr. 1ο 30923 396
Jul. 19 51942 5592 Jul. 19 30‚344 3,73
001. 27 51,721 5599 Oct. 27 30959 392
116666 51993 5594 113366 30973 3,2ο

1755 Jan. Ο 7 18 55,491 432 23 48,64 1765 Jan. 0 7 19 34‚385 -1-32 22 56,42
Apr. 10 55,368 48,84 Apr. 10 34‚497 56‚06
J ul. 19 55,248 49,11 1111. 19 34,6o4 55‚64
Oct. 27 55,130 49‚45 Oct. 27 34‚7o7 55,16
Dec. 66 55‚015 49,87 Dec. 66 34,805 54,oe

1756 Jan. 1 7 18 58‚9o5 ÷32 23 42,87 1766 J an. O 7 19 38,623 -1-82 22 47‚9o
Apr. 10 58,793 43,33 Apr. 10 38,718 47‚33
Jul. 19 58,687 43,84 1111. 19 38‚8o5 46‚71
oct. 27 58,588 44,41 Oct. 27 38,885 46305
Dec. 66 58‚495 45‚04 Dec. 66 38,957 4235

1757 Jan. 0 719 2977 -1-32233797 1767 Jan. o 719 42934 -1-32223393
Apr. 10 2,289 38‚63 ,, Apr. 10 42950 3795 μ
Jul. 19 2,210 3993 Jul. 19 42907 3790
oct. 27 2,140 4095 oct. 27 42955 3693 ,
116366 2930 4092 113366 42993 3594

1753 Jan. 0 719 5950 1322333911 1763 san. 1 719 46932 1132222899
Apr. 10 5‚896 34,48 Apr. 10 46,863 23,19
Jul. 19 5953 3593 Jul. 19 46933 2799
Oct-27 53821 3693 Oct. 27 46993 2699
Dec.66 5,800 36,89 De0.66 ⁷46‚892 2590

1759 Jan. 0 7 19 9,657 -1-32 23 29,76 1769 Jan. Ο 7 19 50,744 -Ι-32 22 19,14
Apr. 10 9,643 p 18‚36
Jul. 19 9‚64O l7‚60
Oct‘ 27 9,649 16‚86
Dec. 66 9‚669 16,15

 

