Tabulae Χ. 8801, V. α Ceti.

1830116110 2 53 23 9,27
Apr. 10 23, 829
Ju1.19 23, ’734
oct. 27 23, 641
116666 23,551

1831135. o 2 53 26,7ο5 ..- 3 25 9,12
Apr. 10 26,618 9,01
Jul. 19 26,536 8,96
oct. 27 26, 460 8, 99
Dec. 66 26 ,390 9, 08

1832116111 2 53 29, 536 -{- 3 25 23, 49
3
29, ’362
29,319

2 53 32456
32419

Apr 10
Ju1.19
061127
Ded.66

1833 Jan. 0
Apr. 10
Jul. 19 32, 390
Oct. 27 32, 370
Dec. 66 32, 359

1834 Jan. 0 2 53 35, 486
Apr. 10 35 ,481
1111. 19 35, 484
Oct. 27 35 ,497 56, 62
Dec. 66 “ 35‚518 57,28

1835 Jan. o 253 38,634 -ι- 32611,5ο
Apr. 10 38,661
Jul. 19 38,696 1286
oct. 27 38,739 13,57
116666 38,789 14,29

1836 J an. 1 2 53 41,895 ÷ 3 26 28,49
Apr. 10 41,951 ,
Jul. 19 42,012 ‚
oct. 27 42‚08o ,
Dec. 66 42,153 ,

1837 11111. 0 2 53 45,252 -ξ- 3 26 45,52
Apr. 10 45,329 46,20
J ul. 19 45,410 46,85
oct. 27 45,495
Dec. 66 45,583 48,Ο7

1838 11111. O 253 48,678 -1- 327 2,31
Apr. 10 48‚768
Jul. 19 48,860
Oct. 27 48,953
Dec. 66 49,047

1839 Jan. 0 2 53 52,14Ο -l- 3 27 18,62
Apr. 10 52,234 ,
Jul. 19 52,327 ‚
oct. 27 52418 ,
Dec. 66 52508 ,

23, 84
24,11
24,44

-1-3253837

39, 56
40, 04·
40, 57

-1- 325 54, 84
55, 40
55, 99

’18ξῖ san, o 2 53 59,-032

23, 63 ’

39,14-

12,17'

18471811. O

47,47 =

1848 Jan. 1

-ι- 3214ῥ5,6,4, 1840111111 25355603 -Ι- 32734,25

-1- 3 27 49‚06
49,ο2 >
48,91

- >59‚1o5

. 59,171 ·
59, 231
59’ ,285

,1842111110 254 2,.393

48 ,52 <

——--=-

-ι- 328 301 ,
2ἶ73

1843111110 254 5,659 -ι- 32816,14

’ ’ .· · ζ “ ’ 9

. “ ., 7 2
1844111111 254 8,813 ÷ 32828 5,8,
- = p. 8779 {3333
. ,, , , 8Ξ749ι 26511
, . 8,71ο 25,88

18451811. 0
Ι· ’Apr. 10
Jul. 19
Oct. 27
Dec. 66

2 54 11,849
1 11,804
11,752
11792
11,625

-1- 3 28 4ο,53
3281
39,ο8
38 ,35
37, 62

25417,6ο9 -ι- 329 4,12
17,518 Α

Apr. ’10
17 ‚425

Jul. 19
‚ 06527 ‚ 17,33ο
, ,116666 17,232

2 54 2ο,39ο
2ο,291

-1- 3 29 16,37
15‚89
15,46
15,1ο
14,79

-ι- 3 29 29,29
29,ο3
28,83
28,71
28,65

Apr. 1.0
1111. 19 20,193
oct. 27 20‚o96
Dec. 66 19‚999

1849 18110 2 54 23,157
23,062
22,971
22,883
22,799

 

48, 75 ’

