38⁰

Tabulae X. sect. IV. β Geminorum.

1810 san. ο 733 43667 4218281733 1820 san. 1 73417209 4323271393
Apulo 40‚551 17,44 , Apr.1o 17‚822 1374 ’
Jul. 19 4o,484 17,52 161. 19 17,434 1348
Oct. 27 43316 17,67 06627 17,543 1316 ,
066. 66 43197 17,90 nec. 66 17,651 · 12,77.

1811 Jan. 0 733 43924 -1-28 28 9,77 1821 san. o 73421,601 -ι-28 27 4,82
Apr. 10 43806 10,05 Apr. 10 21,406 439
Jul. 19 48,691 10,4o Jul. 19 21,507 390
oct. 27 43580 10,82 . oct. 27 21,603 3,36
Dec. 66 43472 11,31 063661 21,695 2,77

1812 Jan. 1 7 33 47,194 -1-28 28 3,10 1822 Jan. 0 7 34 25,350 -1-28 26 54,88
Apr. 10 47,089 3,62 Apr. 10 25,437 54,26
101. 19 46,991 4,19 Jul. 19 25,517 53,60 <
Oct. 27 46,899 4,81 oct. 27 25,589 · 52,90
Dec. 66 46‚814 5‚49 Dec. 66 2⁵,654 52,17

1813 Jan. 0 7 33 50,528 -1-28 27 57,21 1823 Jan. 0 7 34 29,318 -1-28 26 44,82
Apr. 10 50,448 57‚91 Apr. 10 29,377 43,57
101. 19 50‚378 58,64 Jul. 19 29,427 42,81
Oct. 27 50,317 59,39 Oct. 27 29,4()7 42,03
Dec. 66 50,264 28 Ο,17 Dec. 66 29,497 41,23 ¹

1814 Jan. 0 7 33 53967 -1-28 27 51,86 1824 Jan. 1 7 34 33173 -1-28 26 3340
Apr. 10 53922 5365 Apr. 10 33197 32,60
Jul. 19 53,887 53‚45 Jul. 19 33210 31,81
Oct. 27 53862 54,24 oct. 27 33212 31,03
Dec. 66 53848 5304 . Dec. 66 33204 3326

1815 san. o 733 57,538 -1-28 27 4372 1825 san. o 73433893 -1-28 262241
Apr. 10 57,532 47,51 Apr. 10 33878 21,65
Jul. 19 57,536 4328 161. 19 33853 · 20,93
oct. 27 57,550 4303 Oct. 27 33817 2324
Dec. 66 57,575 49,76 ι06366 33771 · 19,59

1816 Jan. 1 7 34 1,252 -1-28 27 41‚45 18261311. 0 7 34 4Ο,472 -1-28 26 11,69
Apr. 10 1,284 Ι42,16 Apr. 10
Jul. 19 1,326 42,82 Jul. 19
Oct. 27 1,377 43,44 Oct. 27
Dec. 66 ξ 1,438 44,01 Dec. 66

1817 Jan. 0 7 34 5,1Ο2 -1-28 27 35,76 18271011. 0 7 34 43,919 -1-28 26 1,54
Apr. 10 5‚169 Apr. 10 43,833 1,12
101. 19 5,243 'Jul. 19 43‚741 0‚77
Oct. 27 5,324 oct. 27 43‚643 o,49
Dec. 66 5,412 5Dec. 66 43,538 0,28

1818 Jan. o 734 9,o68 -1-282729Αο 18281an. 1 73447258 -ι-282552,22
Apr. 10 9‚161 2370 Apr. 10 47,150 52,06
Jul. 19 9259 2393 Jul. 19 47,038 51,97
oct. 27 3361 3311 061. 27 43924 51,96
Dec. 66 3467 3323 Dec. 66 43806 5303 ·

1819 Jan. 0 7 34 13,117 -1-28 27 22,12 1829 Jan. Ο 7 34 50,530 -1-28 25 43,87
Apr. 10 13,226 22,19 Apr 10 43‚99

Jul. 19 13336 2218 16119 44,18
Oct. 27 13,448 22,09 Oct. 27 44,44
Dec. 66 13,561 , 21,96 Dec. 66 44,78

 

