497·

Tabulae X. sect. V. Aquilae„

        

  

1 8 4 0 l 8 4 0 ζῗιὲοὲ) AjR. med. Decl. med.
Μ Μ Μ Μ W

    
     
         
         

Jan. 0-ί’,262 4 4,5 - ὄ,19 -14,8 4141 18301ῧ465737544 ἕ591ἕ306
10 -1,198 4 8,2 - 1,69 -143 0 41 1831 47 0,7254 59 24,433
2ο-1,ο99 4113 - 3,17 -14,5 o 41 1832 47 36754 59 32364
3ο -0,967 414,7 - 4,58 -13,5 -1 41 1833 47 63254 59 41,498

Fenus) -0305 417,6 - 5,86 -11,8 -1 41 1834 47 9,5754 59 50336

Α 1835 47 125255 59 58,578
19 -ο,615 420,2 - 633 - 9,4 -2 41 1836 47154755 6 0 7,123

Mam -0,401 422,5 - 7,74- 6,6 -2 41 1837 47184255 015,673
11 -o,165 ÷24‚6 - 8,25 - 3,4 -2 41 1838 47 213754 024225
21 40,091 426,4 - 8,42 4 ο,1 -3 0 1839 47 243253 032382
31 40362 427,7 - 8,23 4 3,7 -3 0 1840 47 272751 , 041342

1841 47 302250 0 49306

        

  

           
      
            
    
              

Apr. 10 4ο,644 428,7 - 7,7ο 4 7,1 -3 o 1842 47 331749 ο58,474
20 40335 4293 - 632 4103 -3 0 1843 47361248 1 7,045
3ο 41330 429,4 - 5,64 413,1 -3 0 1844 47 393746 1 15,62ο

Maj.1o 41,522 4283 - 4,2ο 415,5 -2 o 1845 47 423244 1 24,199
2ο 41307 4273 - 2,65 4173 -2 ο 1846 47 443742 1 32381

1847 47 473240 1 41367

3ο 42,ο77 4263 .- ο,74 418,6 -2 41 1848 47 508738 1 49357
sun. 9 ÷2‚327 ÷23‚7 1‚16 419,2 -2 41 1849 47 533236 158,ῶο
19 42,551 4203

29 42342 4173

Jul. 9 ÷2‚897 413,4

ss 3‚1o 419„ss -1÷1 1850 47 5637ssss 2 2147

4- 5,Οὲ 418,9 -1 41

-ι- 6,87 418‚O -1 ÷1
19 -4-3909 ÷ 9‚1 -ι- 8462 -ι-16,7 0 42 Diei reducto addendum est:
29 43379 4 4,8 41ο,21 415,1 0 42

Μῆἓ ῖέῑὲὲἕ t 233 414813ςὲ ss} 3ζὲ {1323 ἔ san· 14 ζ 43

28 ÷3,025 - 7‚9 ÷13,86 ÷ 9‚o ÷1 ÷3
Sept. 7 ÷2‚928 -11‚3 ÷14‚65 -1- 6,8 42 43
17 ÷2,800 -13‚9 415,Ξὲ 4- 4,6 42 43
27 ÷2‚651 -15‚8 ÷15,57 -ι- 2,4 42 43
Oct. 7 ÷2‚486 -16‚8 415‚69 -ι- Ο,1 42 43
17 ÷2,317 -16‚7 ÷15,59 — 2,1 43 44

27 42153 -15,8 41538 - 4,2 43 44
Nov. 6 ÷2‚oo1 -14,2 414,75 - 6,4 43 44
16 41370 -11,7 414,01 - 8,4 42 44
26 41,768 -. 8,6 41337 -1ο,3 42 44
nec. 6 41,698 - 5,3 41136 -113 42 44

   
     

1,6 410,69 -13,4 41 44
2,3 -ξ- 9‚29 -14,4 41 44
5‚9 -ι- 7,81--14‚9 044

In menss. Jan. et Febr. annorum bissextorum legitur dies insequens.

32

