Tabulae X. Sect. ΠΙ. α Canis muniis.

1790 san. 0 ’72812776 ÷ 3421 5297 1800366. 0 728 42929 ÷ 342⁹, 4249
Apr. 10 - 18‚703 5259 ⁴ Apr. 10 49‚o14 ν 4267
Jul. 19 18‚625 5227 Jul. 19 49‚101 4278
066. 27 12541 5204 oct. 27 42192 4284
06666 12452 51,87 066 66 42286 42,78

1791166 0Ι 728 21,681 ,ι- 544 4280 1801 san. 0 72852408 -ι- 5488415
Apr. 10 21,588 4218 Apr. 10 52498 84,07
Jul. 19 21,448 4214 sul. 19 52598 8292
oct. 27 22846 4218 066 27 52689 8270
066 66 21,246 4229 06666 52785 8242

1792 Jan. 1 728 24,428 -ιι 5 44 34,63 1802180. 0 728 55,9oo -ί- 543 24,86
Apr. 10 55,995 24,53
Jul. 19 56‚088 24,14
oct. 27 56‚179 2359
Dec. 66 56,267 23,18

17931Jan. o 728 27,209 ÷ 54426‚95 1808166. 0 72852886 ÷ 54814,70
Apr. 10 27,112 Apr. 10 52471 14,15
Jul. 19 2791ss Jul. 19 59‚551 13,56
oct. 27 26,929 001. 27 52626 1292
06666 22848 06666 52697 1224

1794180. Ο 728 30,019 -1- 5442o,17 1804Jan. 1 729 2,822 ÷ 543 3,81
Apr. 10 Apr. 10 2,889 3,10
Jul. 19 Jul. 19 2,948 2,37
Oct. 27 Oct. 27 3,000 1,61
Dec. 66 Dec. 66 3945 0‚83

1795 Jan. 0 728 82897 ÷ 54414‚o5 1805 san. 0 729 6,179 ÷ 542 5242
Apr. 10 82840 14,82 Apr. 10 6,219 51,68
Jul. 19 82791 15,60 Jul. 19 6‚25o 50,84
001. 27 82750 1689 Oct. 27 6,278 — 5o,05
066 66 82717 ¹ 17,20 06666 ,6,287 4225

1796166 1 72885,876 -ι- 5144 8,80 1806 Jan. 0 729 2481 ÷ 5424284
Apr. 10 85,849 211 Apr. 10 2489 40,05

Jul. 19 85,882 290 Jul. 19 9,438 8229

> 001. 27 85,828 10,69 oct. 27 2428 8255
066 66 85,824 11,46 06666 2409 8288

1797 Jan. 0 728 38,971 -1- 5 44 2,57 1807 Jan. O 729 12,564 -ι- 542 29,δὸ
Apr. 10 38‚978 3‚33 - Apr. 10 12,539 29,69
Jul. 19 38‚993 · 4,Οὸ 1 ul. 19 12‚5o5 2894
oct. 27 39,018 4‚74 Oct. 27 12,463 27‚44
Dec. 66 39‚o51 5‚39 Dec. 66 12,4l2 26‚88

179811an. 0 72842187 ÷ 548 56,58 1808 Jan. 1 72915,578 -ι- 5421287
Ἀρι. 10 42226 57,15 Apr. 10 15,521 17,85

Jul. 19 42272 57,72 Jul. 19 15‚458 17,89
Oct. 27 42826 5224 oct. 27 12888 17,οο
42887 58,70 06666 12811 16,67

1799 Jan. Ο 728 45,513 -ξ- 543 49,91 &liano lg 72918‚485 -ι- 542 8‚09
pr.

J ul. 19
Oct. 27
Dec. 66

 

