160 J·

    
    
     
   

Tabulae'tX. sect. I. 1a Librae.

   
           

 

 

  

  

 

             
       
   

  

1750 166. 0 12 3’6 55359 1-104 5'6 3347 1760 166. 1 12 3’7 26037 -1ἳ1 53 5’ἑ,60
Apr. 10 55336 3303 Apr. 10 26‚089 59,13 2
Jul. 19 55‚4o4 3254 161. 19 26,099 59,30
061. 27 55,413 32,01 061. 27 26,113 59 0,43
066. 66 55,412 ¹ 31,43 06666 26,147 Ι 1,10

 

 

 

     
       

     
  
      

     

   
    
  

     
    

      
     
    

1751 166. 0 14 36 53,702 -14 56 4725 1761 166. 0’14 37 29,427 -14 59 16,47
Apr. 10 46,64 Apr. 10 29,461 17,14
161. 19 46,01 161. 19 29,504 17,33
061. 27 4535 061. 27 29,554 13,53

· 06666 44,66 066. 66 29,613 19,23 ’

 

 

   
  

     

          

       

    

    
     
        
       

 

 

      

 

    
  
  
    
   
  

 
        
  

     

1752 166. 1 14 37 1,919 -14 57 0,51 1762 166. 0³14 37 32,333 -14 59 3453
Apr. 10 56 59‚81 Apr. 10 32946 35,23
161. 19 59,10 Jul. 19 33,016 35,97
061. 27 58,Βὸ oct, 27 33,091 36,65
Dec. 66 57‚66 Dec. 66 33,173 37,31
,1753 166. 0 14 37 5,015 -14 57 13,52 1763 166. 0 14 37 36,435 -14 59 52,67
Apr. 10 12,8Ο Apr. 10 36,520 53,32
161. 19 12,10 161. 19 36,609 53,93
oct. 27 11‚42 061. 27 36,701 54,51
066. 66 10‚75 066. 66 36,797 55,07

 

                    
  

         
        
         
        
    
        

  
   
  
    
  
   
    

 

     
     

 

 

   

     
      
 

    

   
    
   

        
    
     
 

    
      

       

1754166. 0 14 37 3,012 -14 57 26,59 1764166. 1 14 37 40,055 -15 0 1ο,47
Apr. 10 7‚919 ¹ 25,94 40,153 10‚99
Jul. 19 7,322 2533 40251 11,47
061. 27 7,722 24,76 40350 11,90
06666 7,619 2423 40,45ο 12,23
1755 Jan. ο 14 37 1ο,943 -14 57 40,01 1765 166. 0 14 37 43,703 -15 027,73
Apr. 10 10‚839 3951 Apr. 10 43,307 23,οε
Jul. 19 10‚735 39‚06 Jul. 19 43905 23,37
Oct. 27 10,631 38,67 . Oct. 27 44,001 · 23,60
06666 10527 3834 ι066 66 44094 23,73

 

 

 

      
           
      
      
   

         
          
        
  
     

 

 

    

 

1756 166. 1114 37 13351 -14 57 54,05 1766 166. 0 14 37 47354 η-15 0 44,30
Apr. 10 13,749 53,76 47,445 44,43
sul. 19 13,650 53,53 47532 44,50
061. 27 13,554 5337 47,514 44,51
06666 13,462 5323 47,691 44,45

 

 

 

    
      
      
      
    
    
     
          

     

 

      

1757166. 0 14 37 16,732 -14 53 3,90 17671166. 0 14 37 50,957 -15 1 0,05
3,35 116610 51,030 059,95
3,37 161. 19 51,096 59,79
8,96 061. 27 51,155 59,57
9,11 06666 51203 59,29

 

        
  
        
     

     
     
   
 

     
      
         

        

1758 Jan. Ο
Apr. 10
Jul. 19
Oct. 27
Dec. 66

14 37 19,779
19,714
19,653
19,611
19,572

-14 53 24,65
24,35
25,10
25,42
2520

   

1768 Jan. 1 14 37 54‚482 —15 1 14,95
Apr. 10 54,529 14,63
Jul. 19 54,567 114,ssss
Oct. 27 54,596 13,83
Dec. 66 54‚616 13‚34

 

 

      

 

       
   

1759 166. 0 14 37 22,374 -14 53 41,26 17691166. 0 14 37 57,902 1-15 1 29,οὸ
Apr.10 22‚841 41,63 Apr. 10 57,916 23,56
22,317 42,14 57,921 23,01

22,302 42,65 57,919 27,41

 

 

   

22,797 43,2Ο 57,903 26,78

