11

Tabula VI.

Adscemio recta media Solis pro mediis meridiebus anni ficti,
addita Nutatioue Solari.

J aunarius. Februarius.

h

18 40 ὅ,028’ 2’ὁ 42 13297

43 56,586
47 52144
51 49,702
55 46260

59 42818
19 3 39,376
7 35233
11 32491
15 29,049

19 25,606
23 22164
27 18,721
31 15279
35 11,836

39 8293
43 4,950
47 1,5ο8
5ο 58,065
54 54,621

58 51,178
20 2 47,735

18 83,961
22 30‚517
26 27‚073
80 Ξ3,629
84 20,185

38 16,741
42 13297

46 9253
50 6,408
54 2963
57 59,519

21 1 56,074

5 52629
9 49,184
13 45,739

1742294

21 38,849
25 35203
29 31258
83 28,512
37 25,067

41 21,621
45 18,175
49 14,729
53 11283
57 7,837

22 1 4291

5 ο,945

8 57,498 .

12 54,ο52
16 50,605

2ο 47,159
24 43,712
28 40265
32 36,818

56 16,136

23 Ο 12‚689

4 9242
8 5,795

12 2347
15 58,9οο
19 55,453
23 52005
27 42558

31 45,11ο
35 41,663
39 38216
43 34,768
47 81221

51 27273
55 24,426
59 20,978

0 3 17,530

27 14‚083

11 1o,636
15 7,188
19 3,741
23 0294
26 56246

30 53299
34 49,952

54 32716
58 29269

1 2 25,822

6 22375
10 18228

14 15,481
18 12035
22 8,588
26 5,141
30 1,695

83 58248
37 54202
41 51256
45 47209
49 44,463

53 41,017
57 37,571

2 1 34‚125

5 30,679
9 27,234

13 22788

17 20,343 ,

21 16297
25 12452
29 10,006

33 6,561

Inmenss. Jan. et Febr. annorum bissext. legitur dies insequens.

 

