90

Tabula VIII.
1823.

Log. Α· Log. B Lug. 0 Log. D Log. τ Ε

wwfflwww

04254 07034 n o‚5091 7. 1,2999

04823 07068 77 08067 77 1,2790 ’

05299 0714777 0972377 1,2426

05694 07253 77 1,0813 7. 1,1878 8,9134
06021 07365 77 1,1569 n 1‚1094 00383

06292 07462 7. 192093 7. 09971 01352
06521 07529 n 1,2438 77 0,8268 02144
06720 0755277 1,2632 n 0‚5187 9,2813
06901 075247. 1.,26907. 02771 77 03393
07076 07443 77 1,2619 n 05628 77 03905

07253 0731077 1,2415 77 0844777 04362
07439 07130 7. 1,2068 7. 1,0047 7. 04776
07637 06913 n 1,1556 77 1,1113 n 9‚5154
07848 06673 77 1,0835 77 1,1862 77 05502
08068 06430 n 09822 77 1,2391 77 05824

08294 06204 77 0,8338 7. 1,2751 77 06123
08520 06016 n 0‚5868 7. 1,2969 77 06404
08743 05886 77 09042 7. 1,3061 77 06667
08956 05823 77 03571 1,3033 n 06915
09155 0582977 07235 1,288277 07150

09337 , 05894 77 09118 1,2600 77 07373 ‚
09500 06002 77 1,0339 1,2168 77 07585 ·
09645 06128 77 1,1196 1,155077 07787
09771 0625077 1,1809 1,068277 07980
09881 06849 77 1,2240 09431 n 08164

09979 06405 n 1,2519 07467 77 08342
00067 06405 n 1,2664 03454 77 08512
00150 06341 77 1,2682 00910 08676
00233 0620677 · 1,2572 06688 08834
00319 060007, 1,2324 09019 08986

88888 88888 88888 88888

44444 44444 44444 44444
„opppp „099 0 0 ορ 0 0 0 opppp³

00413 05728 n 1,192o· 1,0442 09134
00516 05401 7. 1,1323 1,1413 09276
00628 0504οη 1,0469 1,2098 09414
00749 0467477 09225 1,2573 09547
00876 0434277 07260 1,2880 09677

01005 04083 n 03227 1,3037 09803
01133 039337. 007447. 1,3056 09925
071256 03906 77 06475 n 1,2938 00044

 

