Log. A

93028 π
9,.2249 n
9,1367 n
9,0374 π
8,9254 n

8,7966 π
8,6408 π
8,4Ξ78 π
8,0326 π
7,7267

93547
96889
98058
99508
90674

91688
98549
93895
93936
94484

94949
95340
95667
95939
96167

96359 ,
96587
96684
96837
96998

97171
97368
97568
97789
98017

98845
98467
98676

Tabula vul.

Log. Β

98881
98731
98606
98456
98893

98133
97991
97885
97888
97808

97838
97903
97990
98081
98164

98885
98854
98844
98194
98101

97969
97804
97617
97481
97838

97068
96946
96879
96870
96915

97001
97109
97819
97311
97367

97375
97386
97818

1813.

Ιιός. C

O‚5094 n
0‚8068 n
0,9724 π
1,Οὸ 18 π
1,1569 τι

1,2093 π
1,2438 η
1,2632 π
1,2690 n
1,2619 n

12415 π
1,2068 π
1,1556 π
1,0835 n
0,9823 τι

Ο,8339 n
0‚5869 π
9,9051 n
O‚3568
0,7234

99117
1,0338
1,1195
1,1809

1,2239

1,8519
1,8664
1,8688
1,8578
1,8384

1,1980
1,1383
1,0468
99884
97858

0,3223
0,Ο75 1 n
o,6477 n

Log. D

1,8999
1,8790
1,8486
1,1878
1,1094

99971
98867
95186
98783 η
956897.

Ο,8447 n
l‚0047 n
1,1 113 n
1,1862 π
13391 π

1,275 1 π
1,2969 n
1‚3061 π
1,3Ο33 n
1,2882 π

13600 π
1,2168 n
1‚1550 n
1,0682 n
O,9431 n

97468 η
93456 η
90909
96688
99019

Log. τ

 

