162 ¹

Tabulae X. Sect. I. 2α Librae.

1750 san. o 1¹4 3’7 ἕ,583 -14531731 1760 san. 1 14 3’7 3”7,330 - 105 1’4”2,16

Apr. 10 6‚61o 16‚87 Apr. 10 37,332 4274 -
Jul. 19 6,628 16,38 Jul. 19 37,342 43,35
oct. 27 6,637 15,84 Oct. 27 32361 4299
06666 6,636 15,26 , 06666 37,39ο 44,66

1751 Jan. 014 37 9,928 -14 59 31,06 1761 Jan. 0⁸14 37 40,671 -15 2 ο,οο
Apr. 10 9,921 30,45 Apr. 10 4o‚706 0‚68
Jul. 19 9‚9o4 29‚82 Jul. 19 40‚749 1,36
oct. 27 9,878 . 29,16 oct. 27 40,799 206
06666 2843 28,47 06666 42858 276

1752 Jan. 1 14 37 13,147 —14 59 44‚29 1762 Jan. Ο 14 37 44,129 -— 15 2 18,Ο9
Apr. 10 43,59 Apr. 10 44‚192 18‚79
Jul. 19 ff 4288 J ul. 19 44,262 19,47
oct. 27 42,16 Oct. 27 44,338 2Ο,15
Dec. 66

06666 41,44 44,420 20,81

1753 Jan. 0³14 37 16,245 -14 59 57,27 1763 san. 0 14 37 42684 - 15 2 36,15
» Apr.· 10 16,174 56,55 p . 47‚769 36,79
sul. 19 16‚096 55,85 . 47,858 37,41
oct. 27 16,012 55,17 . 47,950 3799
066. 66 15,922 54,51 . 48,046 38,54

1754 Jan. 0 14 37 12244 -15 0 10,31 17641166. 1 14 37 51306 - 15 2 53,91
, Apr. 10 19‚151 9,66 Apr. 10 51,404 54,43
Jul. 19 19‚o54 9,05 Jul. 19 51,502 54,91
oct. 27 18954 8,48 oct. 27 51,601 55,34
06666 18,851 7,95 06666 51,701 55,72

1755 Jan. o 14 37 22,177 -15 023,70 1765 Jan. 0 14 37 54,960 - 15 3 11,15
Apr. 10 22073 23,20 Apr. 10 55‚060 11‚49
Jul. 19 21,969 2276 161. 19 55,158 11,78
oct. 27 21,865 2237 061. 27 55,253 1201
06666 21,761 2204 06666 55,347 1219

1756 san. 1 14 37 25,087 -15 03272 1766 Jan. 0¹1437 58,609
. Apr. 10 24984 37,43 Apr. 10 58,700
sul. 19 24,885 37,20 Jul. 19, 58,787

oct. 27 24,790 37,04 , Oct. 27 58,869
06666 24,698- 36,95 06666 52947

1757 san. 0 14 37 28,019 -15 05254 1767 Jan. o 1438 2,214 -15 343,40
Apr. 10 27,931 5249 Apr. 10 2,287 4230
Jul. 19 27,849 5251 Jul. 19 2,353 43,14
oct. 27 27,773 5260 061. 27 2,413 4292
06666 27,703 5275 06666 2465 4264 ,

1758 Jan. Ο 14 37 31,018 -15 1 8,26 1768 Jan. 1 14 38 5‚741
Apr. 10 3095ss 8,46
Jul. 19 30,897 8,72
Oct. 27 30,850 9,Οὸ
Dec. 66 30,811 9‚41

1759 Jan. ο 14 37 34,115 -15 1 2284 1769 san. 0 14 38 9,163 - 15 41237
Apr· 10 34‚082 25,26 Apr. 10 , 9,177 , 11,85
Jul- 19 34058 25,72 Jul. 19 9‚182 11,30
Oct· 27 34‚043 26‚23 066 27 9,178 10,70
06666 34,038 26,79 06666 9,164 10,07

 

