394

Tabulae X. Sect. IV. 1α Librae.

1810 san. o 19146 12386 -1ἓ1155ἶ37 1820 san. 1 124642626 -1ἓ 14 3241
Apr. 10 12290 5274 Apr. 10 42725 3291·
sul. 19 12191 5216 Jul. 19 42824 3235
oct. 27 12089 5262 , 081. 27 42924 3274 ·
08866 12985 5212 088 66 42024 4209

1811 Jan. 0 1440 12318 -15 12 272 1821 san. 0 144042290 -15 14 5238
Apr. 10 12213 226 Apr. 10 42389 5269
Jul. 19 12109 285 sul. 19 48‚486 55‚94

08827, ’12006 7,50 oct. 27 42580 5213, -

Dec. 66 14‚903 7‚21 Dec. 66 48‚672 56‚26

1812 Jan. 1 14 40 12235 -15 12 2273 1822 san. 0 14 40 52941 -15 15 1262
22,49 p 52031 11,71
2231 . 52115 1273
2220 . 52194 11,69
2215 -52268 11,58

1813 san. 0 14 40 22181 -15 12 37,58 1823 san. 0 14 40 52543 -15 15 27,ο2
148810 . 21,095 3258 2288
sul. 19 21,015 37,65 2267
oct. 27 22945 37,79 26,41
08866 22881 3299 2208 ,

1814 san. o 14 40 22200 -15 12 5234 1824 Jan. 1 14 40 52062 -15 15 4259
Apr. 10 22140 5258 Apr. 10 52104 41,22
Jul. 19 22089 5288 Jul. 19 59‚137 4280
oct. 27 22047 5224 Oct. 27 52161 4234
08866 22013 54,67 08866 52176 3282

1815 san. 0144027‚321 -1513 294 18251588 01441 2472 -15 15 5239
Apr. 10 27‚293 10,39 Apr. 10 2481 5284
Jul. 19 27‚275 1289 Jul. 19 2480 5225
oct. 27 22266 1243 Oct. 27 ψ 2470 5263
08866 27,267 1202 08866 2450 5297

1816 Jan. 1 14 4ο 32564 -15 13 27,24 1826 san. o 14 41 2758 -15 16 258
2285 Apr.1o 2732 7,90

2248 Jul. 19 2697 7,21

2214 081. 27 2653 251

08866 2599 279

-15 13 4201 1827 san. 0 14 41 2918 -15 16 2242
4270 Apr. 10 2860 2269

4240 Jul. 19 2794 1297

4210 Oct. 27 2721 1226
08866 2640 1256

1828 Jan. 1 14 41 11‚968 -15 16 34,18
33,49
32,83
32,20
81,60

-15 14 2287 1829 san. o 14 41 14,934 —15 16 47,18
2250 Apr. 10 12833 4261

Jul. 19 12731 4209

oet. 27 14,627 4262

088. 66 12522 4220

 

