· Tabulae X. Soet. IV. α Pegasi.

A. R. med. Decl. med.

‘Vs-‘w

1810 22 55 182612 413 11 &523

1811
1812
1813
1814
1815
1816
1817
1818
1819
1820
1821
1822
1828
1824
1825
1826
“ 1827
1828
1829
1830

19 -ι-2,586 -ι-24,
29 42819 221,

,9
,8
9
5
,6
,5
,3
,1
,3
,4
,5

837 33338 38333 0
<200⁶oe Οῦωὶθὶθδθ Ρ-ΗΟΦΟ μ

ωιῶιβ
“444 ÷÷÷÷÷ ÷÷

ante
post

55 21,2416
55 242221
55 27,2ο26
55 30,1832
55 33,1638
55 36‚1445
55 39,1252
55 42,1060
55 45,0869
55 48,0678
55 51,0488
55 54,0298
55 57‚0109
55 59,9919
56 2,9730
56 5,9542
56 8,9355
56 11,9168
56 143932
56 17,8797

11 25,77ο
11 45,019
12 4,269
12 23,520
12 42,772
13 2,025
13 21,279
13 40,535
13 59,792
14 19,050
14 38309
14 57,569
15 16830
15 36,093
15 55‚357
16 14,622
16 33388
16 53,155
17 12,423
17 31,692

Diei reducto addendum est:

}Mm.2{43

In mefiss. Jan. et Febr. annorum bissextorum legitur dies insequens.

 

