390

Tabulae X. sect. IV. α 167ςῖ7153.

Ι, 13101156 013 1’ 1”2,404 -1‘6 95630 1320 Jan. 1 1314546174 -1813 ζ’),36
Apr. 10 12‚312 , Apr. 1o 43,268 1o,45
Jul. 19 12‚217 , Jul. 19 43,363 11,01
oct. 27 12120 ‚ 001. 27 43‚457 11‚54
Dec. 66 12,Ο21 , Dec. 66 48,552 12,Οό

1311 Jan. 0'13 15 15‚199 -10 10 13,52 ι1321 san. 0 13 15 46666 -10 13 3691
16099 12,93 Apr. 10 46760 31,39
16999 1233 Jul. 19 46352 “ 31,33
14,901 11,36 oct. 27 46941 3223
14,304 11,33 Dec. 66 47,023 32,59

1812111111. 1 13 15 17‚981 —10 10 30,57 1822 Jan. 0 13 15 50,145 -10 13 51,50
17,885 30,12 Apr. 10
17,793 29,72 Jul. 19
17,7o5 29,86 oct. 27
17‚621 29,Ο6 Dec. 66

-1010 4620 1323 Jan. 0131556675 -101411,46
47,93 Apr. 1ο 56640 11,59

Jul. 19 53,698 11,67

Oct. 27 53‚749 11,69

Dec. 66 56793 11,65

1814 Jan. Ο 13 15 23,675 -10 11 6,55 1824 Jan. 1 13 15 56,925 -10 14 30‚69
Apr. 10 23,619 6,5ο Apr. 10 56963 3661
Jul. 19 23,572 6‚52 J ul. 19 56,993 30‚47
'35:222

23,533 659 oct. 27 57,ο14 3623
23,5ο3 6,72 Dec. 66 57,ο27 3ο,ο3

1315056. 0 13 15 26657 -10 11 2671 1325 san. 0 13 16 ο,17ο -10 14 49,14
Apr. 10 26,632 2633 Apr. 10 0,177 4636
Jul. 19 26616 2611 Jul. 19 0,175 4652
oct. 27 26609 2639 oct. 27 >ο,164 4613
Dec. 66 26611 2672 Dec. 66 ο,143 47,70

1816 1311. 1 13 15 29‚754 —10 11 45‚64 1826 Jan. Ο 13 16 3‚297 -10 15 6,87
Apr. 10 29,762 Apr. 10 3,271 6‚4o
Jul. 19 29,779 J ul. 19 3‚236 5,9o
Oct. 27 29,804 Oct. 27 3,193 5,36
Dec. 66 29,838 Dec. 66 3, 141 4,78

1817 Jan. 0¹13 15 32,971 -10 12 6,23 1827 Jan. 0 13 16 6,305 -10 15 24,00
Apr. 10 33,01o Apr. 10 6,248 23,4Ο·
Jul. 19 33,056 Jul. 19 6‚184 22,79
Oct. 27 33,110 Oct. 27 6,113 22,16
Dec. 66} 33‚171 Dec. 66 6,035 21,51

13131136. 013 15 36295 -10 12 27,23 1323 Jan. 1 13 16 9,203 -10 15 4674
Ἀρι. 10 36360 27,39 Apr. 10 9,126 4o‚o9
Jul. 19 36431 2650 Jul. 19 9‚o40 39‚44
oct. 27 36507 29,13 oct. 27 6950 3679

Dec. 66 36,589 29,76 Dec. 66¹ 8‚856 38,ss

1819'Jan. 013 15 36706 -10 12 4657 1329 san. 0 13 16 12034 -10 15 57,37
Apr. 10 36791 4621 Apr. 10 11,937 5673
Jul. 19 39‚878 49‚83 Jul. 19 11,839 5612
oct. 27 39‚968 5o‚44 oct. 27 11,741 5653
nec. 66 46060 51,03 Dec. 66 11,641 Ι 5496

 

