212

      

Tabulae X„ sect. II. β Orionis.

   

       

             

 

 

 

 

 

   
     

    

            
   
  

 

      

       

 

         

1770Jan. 0 ¹5* 336300 - 829 836 17801166. 1 ἒ 357328 - 8281037
Apr. 10 30371 438 Apr. 10 57378 1033
Jul. 19 30‚434 437 Jul. 19 57‚634 932
Oct. 27 30390 535 061. 27 57396 835
06666 30338 6,41 066. 66 57364 832
177165. 0 5 333332 - 829 139 17811166. 0 5 4 0317 - 828 330
Apr. 10 33,176 233 Apr. 10 0‚688 330
,Jul. 19 233 Jul. 19 0362 2,46
oct. 27 ’ 338 Oct. 27 0340 137
06666 339 06666 0321 134

 

        

   

  

1772 Jan. 1 5 336,872 - 828 58,93
Apr. 10 59‚5o
29 0‚01

o‚46

   

1782 Jan. 0 5 4 3371 - 827 5636
Apr. 10 3354
Jul. 19 3338
oet. 27 , 4324

     
 
     

       
 

       

Ο,85 Dec. 66Ι 4,11 1
1773 Jan. O 5 3 38,448 — 8 28 55,87 1783 Jan. O 5 4 6‚958 — 8 27 50‚95
Apr. 10 56,2Ο Apr. 10 2045 50‚81
56‚47 J ul. 19 7‚130 50‚74
· 56‚66 Oct. 27 U 7,215 50‚75
56,79 Dec. 66 7298 50,83

 

 

    
   

 
     

  

 

 

 

 
    

1774 Jan. Ο 5 3 40‚995 — 8 28 51,91 1784 Jan. 1 5 4 1Ο,147 - 8 27 45,98
, Αρι·. 10 40304 5135 Apr.10 10328 46,11
J ul. 19 4o‚816 51,92 Jul. 19 10,306 46‚31
Oct. 27 40,731 51,82 Oct. 27 1o‚380 . 46‚57
Dec. 66 40‚648 51,65 Dec. 66 10‚450

 

  
  

  

1775 Jan. 0 5 343,552 — 828 46,87 1785 Jan. O 5 4133041- 82741,98

   

      
    

 

 

Apr. 10 43,471 4634 13371 4236
Jul. 19 43396 4634 13333 ’4230
061. 27 43325 4538 13,489 4330
06666 43360 4534 13339 4336

                  
          

 

      
              

 

 

 

 
    

    

     

      

       
    
     
   
  

 

 

 

       

  

 

    
    

     
      

1776161.. 1 5 346157 - 828 4035 1786 san. 0 5 416400 - 8273836
Apu 10 46,096 4036 Apr. 10 16‚446 39,45

Jul. 19 46342 3932 Jul. 19 16,484 4039
oct. 27 45396 3933 oct. 27 16315 40,77
06666 45358 8839 06666 16339 4130
1777 Jan. 0 5 348347 - 828 3337 1787 Jan. o 5 419309 - 827 3646
Apr. 10 48310 3339 Apr. 10 ’19,428 3730

Jul. 19 48,781 3238 Jul. 19 19‚438 3737
oct. 27 48362 3134 oct. 27 19,441 3836
06666 48352 3136 06666 19,435 3937
1778 Jan. ο 5 351331 - 828 2649 1788 san. 1 5 422315 - 8273431
Apr 10 51325 2530 116610 22303 3533
2430 Jul. 19 22384 3614

2439 oct. 27 22357 3635

2337 066. 66 22322 3736

17791166 01 5 354327 - 8281831 1789 Jan. ’0 5 425311 - 8273230
Apr. 10 54351 1730 Apr. 10 25371 3330

Jul. 19 54383 17,10 Jul. 19 25324 3437
Oct. 27 54321 1632 Oct. 27 24369 3531

066. 66 54367 1535 06666 24308 3532

 

 

 

 

     

    

     

1 1 -’“,.ι41ν.,-ι.. .

