Tabulae X. Sect. IV. a Scor-pii.

182⁰

Μ

1820

ansa—„z

Jan. 0-1”1,96427,6 4
10 -0 ,904 430, 5 4

20 -Ο, 587 432, 5

’ 30 -Ο, 255 433, 6
Febr. 9 40, 085 434,Ο

19 40, 425 433,
Mart. 1 40, 759 432, 9
11 41, 082 431, 6
21 41, 391 430,ο --
31 41, 681 428, 0 -

ιι4 444
ιιιιι

Οἱνρὓο &lomb-⁵00 μῶὶθυοιβζ
33ιὶἓῖῗὲ ’8ῗὲΜέῧᾶ ”Ἠὲὲΐοὲἓδ

Apr. 10-1-1,951 4253 -
2042Η1994236 -
3042,422420,9 -

Maj‚10÷2‚617÷18,1 -5,
20÷2,783÷15,0 -6,

7
,3
’6
’5
0
3
1
,7
1
5
8
3
,6
1
7

3o÷2‚‚917÷117 -6,5 3
Jun 943,01748,3-6,9 9
19430804 44 -7,37- ’4
3943,105.,.0,,,6-759-30
,6

’7

,3

’4

,5

,5

’4

,1

’5

,6

,3

,5

’3

,8

,1

,3

,6

,3

*⁶0

Ι Ι

4,
6
7,
8,
9,
9,
9,
8
8,
7,
6,
6,
5
5,
4,
4,
3,
3,

1519433093- 3,2 -7,86 -2,

19 43041.- 6,9 -3,06 -1
- 29÷2‚955 -10,3 -8,17
Aug· ⁸ 43’23‘13-&3 ἶὲζ

ἐξ .”ἰ-3,536- 17,ο -7,

’1742174-17,2-
27÷2,-008 15,7-
’,1741746- 9,6 -

27÷1‚670-. 5,2 -
Nov. 6÷1‚642-. 022 —
1641,6664 5,2 -
2641346410] -.

Dec. 6 41, 880 4161

1643Ηο674310 -
3643Η3994353 -4’
3643Μ5714388 -4,

ιιι 44444 44444 444ι
mmm ομωρω mmmffoe ωψμοο

.
333 8888: 3

Var. 10

annor.
Μ

Α. R. med.
’Μ

Decl. med.
Μ

-3 -1 1810 1²1¹>- 1'7 4'6‚6100 -35 59 56369
17 503694 -36 0 4,964

-3 -1 1811

-3 Ο 1812·

-4 0 1813
-4 41 1814
1815
-4 41 1816
-3 42 1817
-3 42 1818
-3 43 1819
-2 43 1820
1821
-2 43 1822
-1 44 1823
-1 44 1824
0 44 1825
41 44 1826
1827
41 44 1828
42 44 1829
42 44 1830
43 44
44 44

44 44
44 43
44 43
45 43
45 42

45 42
44 42
44 42
44 41
43 41

43 41
42 41
42 42
41 42

042

0 43
-1 43
-1 44

ante
post

17 53‚9289
17 57,5886
18 1,3484
18 4‚9o84
18 8,5686
18 133389
18 15,8894
18 19,55oo
18 23,2108
18 36,8717
18 30,5328
18 34,1941
18 37,8555
18 41 ,5170
18 431787
18 438406
18 535036
18 56,1648
13 538373

0 13654
0 33339
ο 31,ο30
o 39‚695
o 48,366
o 57,033
1 5,693
1 14349
1 33000

, 1 31,646

1 4ο,338
1 48,935
1 57,557
3 6,184
3 14,806
3 33433
3 33036
3 43644
3 43347

Diei reducto addendum este

}Nov.28{‡ss

In mense. Jan. et Febr. annorum bissextorum legitur dies insequens.

26*

 

