14⁰

Tabulae X. sect. I. α Canis majoris.

1750166. 0 ἒ34 8328 -1ἓ233”1,96 1760 san. 1 63'4 33'‚296 -1ἒ241”3,46 ’
Apr. 10 8343 3278 p 33304 1236
Jul. 19 8351 3330 33319 1139
oct. 27 8352 34,41 33341 11,14
116666 8346 3532 33371 1ο,42

1751166. 0 63411,291-162339,18 1761166. o 63436‚oo4 —162414,92
Apr. 10 v 11,279 3937 Apr.1o 36338 1433
161. 19 11,258 4ο,73 161. 19 36‚079 13‚59
oct. 27 11,231 41,46 oet. 27 36,125 1330
1166. 66 11,196 42,16 Dec. 66 36,178 12,45

1752 166. 1 634 13352 -16 23 46,16 1762166. ο 6 34 38304 -16 24 1639
Apr. 10 13313 4633 Apr. 10 16‚38
161. 19 13,767 47,454 Jul. 19 15,94
Oct. 27 13,714 4832 oct. 27 1536
116666 13355 4833 , Dec. 66 15,25

1753166. 0 634 16320 -1623 5239 1763 166. o 63441376 -16241931
, Apr. 10 16,257 5336 Apr. 10 19,34
Jul. 19 16,19σ 5336 161. 19 19‚14
Oct. 27 16,118 5330 Oct. 27 1932

Dec. 66 16342 5438 116666 18,97

1754 166. o 634 18,712 -162358,19 1764 166. 1 634 44,596 -16 24 2334
Apr. 10 18‚633 58,40 Apr. 10 44376 2334
Jul. 19 18‚553 58,53 161. 19 , 44,756 2331

oct. 27 18,47o 58‚58 Oct. 27 44‚836 23‚45 s
Dec. 66 18‚386 58‚56 Dec. 66 44,917 23,66

1755 166. 0 63421,ο58 -16 24 231 1765 san. 0 6 3447,534 -16242735
Apr. 10 20373 2,73 Apr. 10 47,614 28,11
161. 19 2ο,889 237 161. 19 ,47391 28,44
oct. 27 2ο,8ο6 234 Oct. 27 47,766 28,83
1166. 66 20323 233 Dec. 66 47339 29,28

1756 J an. 1 6 34 23,394 —16 24 6‚38 1766 J an. O 6 34 50‚459 —16 24 33‚4o
Apr. 10 23,313 6,Ο2 p 33‚89
Jul. 19 23,235 5‚6o 34,ss
Oct. 27 23,161 5,11 35,04
Dec. 66 23,Ο9Ο 4,56 35‚7o

1757 san. o 63425‚757 -1624 8,99 1767 166. o 634 53342 -162439,75
Apr. 10 25390 8,4ο Apr. 10 53‚396 40‚43
Jul. 19 25328 7,76 Jul. 19 53,444 41,15
Oct. 27 25371 7,ο8 . 066. 27 53,487 41,9ο
Dec. 66 25320 635 Dec. 66 53323 4238

1758 Jan.v o 6 34 28,181 -16 24 1034 1768 166. 1 6 34 56‚155 -16 24 46,7ο
Apr. 10 28,134 1ο,ο9 Apr. 10 56,187 47,49
161. 19 28,095 931 161. 19 56‚211 4830
Oct- 27 28‚062 ’ 8,51 oct. 27 56328 49,12
Dec. 66 28,037 7,70 116666 56338 4934

1759 san. = o 6 34 30388 -16 24 12,22 1769 166. ο 6 34 58379 -16 24 5336
11,40 Apr. 1ο 58384 54,78

1037 161. 19 58‚881 55‚59 ,

9,76 oct. 27 58371 5638

834 Dec. 66 58353 57,15

 

