138

Tabulae X. Sect. Ῑ. α Orionis.

 

 

    

      
 

 

 

 

   

 

       
     
  

  

 

 

   
    
    
 

     
         

  

 

 

 

   
    
 

1750 Jan. 0 54139312 ..- 7201258 1760122 1 54216302 -ι- 920 2216
Apr. 10 39328 1137 Apr. 10 10‚o14 2639

Jul. 19 32735 1036 1111.. 19 10‚034- 2730
001. 27 39333 10,14 oct. 27 10364 2259
112266 39322 231 1122 66 10,102 2937
1751 Jan. 0 54142370 -1- 72011,18 1761 san. 0 54213331 ÷ 7203037
Apr. 10 42952 1035 Apr. 10 13375 31,42

Jul. 19 42326 934 12426 3214
oct. 27 42891 x 275 12484 3232
112266 42847 7,98 12549 3247
1752 san. 1 54142105 -1- 720 933 1762 Jan. 0 54216370 -1- 7203430
Apr. 10 9,08 Apr. 10 16340 3241

838 Jul. 19 16,915 3536

731 oct. 27 16,995 3245

739 112266 17380 3639

1753 Jan. 0 54142128 ÷ 720 838 1763 Jan. 0 54220395 -ι- 7203229
. Apr. 10 49‚051 830 149210 20383 3839
Jul. 19 42968 738 Jul. 19 20,474 3202
oct. 27 42881 732 · Oct. 27 20368 3227
Dec. 66 48,788 6‚93 Dec. 66 20,664 39,46
1754Jan. 0 54152062 -1- 720 264 1364122 1 54223375 -ι- 7204034
Apr. 10 51367 229 Apr. 10 23372 4139

Jul. 19 51,869 202 Jul. 19 24369 41,16
oct. 27 51369 733 021. 27 24,165 41,15.
112266 51367 731 112266 24362 4137
1755 san. 0 54154,944 -1- 720 932 1765 Jan. 0 54227,473 ÷ 7204264
Apr. 10 54341 225 Apr. 10 27369 - 4251

sul. 19 54340 227 sul. 19 27362 4232
Oct. 27 54340 936 Oct. 27 27352 4205
112266 54341 933 112266 27339 4131
1756 Jan. 1 54157317 -1- 7201134 1766 Jan. 0 54231354 ÷ 7204236
Apr. 10 57319 11,26 Apr. 10 31‚139 4298

Jul. 19 57326 1136 161. 19 31318 4253
oct. 27 57338 1133 021. 27 31391 4203
112266 57354 1236 112266 31359 41,47

 

 

 

          

   

  
   
      
   

1757 san. 0 542 0324 ÷ 7201338 1767 Jan. 0 54234381 ÷ 7204218
Apr. 10 0344 1436 Apr. 10 34345 4258
Jul. 19 0371 1430 Jul. 19 34301 4134
oct. 27 0305 1240 022 27 34350 41,25
112266 2445 1205 1122 66 34392 4032

 

 

 

 

          

  

 

 

 

 

       

17581211. 0 542 3307 -ι- 7201739 1768 san. 1 54232022 -ι- 7204229
Apr. 10 2654 1207 Apr. 10 32058 4134
Jul. 19 3308 1279 sul. 19 32085 4036
oct. 27 3371 1933 oct. 27 32103 3936
112266 2543 2033 112266 32113 3214
1759 Jan. 0 542 6395 -1- 7202133 17691211. o 54241355 ÷ 7204033
Apr. 10 6373 2243 41358 40,10
Jul. 19 6360 2224 41352 3228
oet. 27 6356 2436 41337 3246
112266 6362 2439 41313 3734

 

 

 

