288

Tabulae X. Secu-III. αἈτινίςαε.

       
         
         
      
            
         
         
        
            
         
           
          
 
   

ἒ 1' 5’5213 -1-4ἓ 46· 4421
55222 45,14
13,157 4521 55236 4521
13252 4523 55255 4621
12238 Dec. 66 55,780 4626

Oct. 27

5 1 17284 -1-45 45 4923 1801 Jan. 0 5 2 0,147 1-45 46 5025

17265 Α 49,14 Apr. 10 0275 51,15

17,140 48,71 161. 19 0,404 5128

17211 4826 oct. 27 0236 5124

Dec. 66 16‚876 4827 116666 0269 5123

166. 1 5 1 21229 -1-45 45 5221 1802 Jan. 0 5 2 5234 44546 5620
616610 21,192 5227 Apr. 10 5‚167 5624
161. 19 21,ο54 52,41 161. 19 5299 56,21
061. 27 20215 5223 061. 27 5228 56,11

ἓ 1' 12242 -1-4ἓ 4ἑ 4724 1800
13254 4625

1811. 0
Apr. 10
JuL 19
Oct. 27

1790 Jan. 0
Apr. 10
Jul. 19
Oct. 27
Dec. 66

1791 Jan. Ο
Apr. 10
Jul. 19

   
       

  

  

 

 

 

   
  

           
      
     
        
    

     

 

    

1792

           
       
      
     

 

066. 66 20,776 5222 Dec. 66 5256 5524
1793166. 0 5 1 25230 -1-45 45 5627 1803166. 0 5 2 9223 -1-45 47 0,59
Apr. 10 25292 5722 027
161. 19 24257 57,14 ·“ 028
061. 27 24226 5724 462922
Dec. 66 24298 5721 5920

1794 Jan. Ο 5 1 29,150 -1-4546 2,16 1804 Jan. 1 5 2 14365 ÷45 47 4,03
Apr. 10 29227 228 327
Jul. 19 28‚911 2,87 3,Οὸ
oct. 27 28204 323 2,48
Dec. 66 28‚7o4 3,85 1‚85

 

 

   

   
        

1795166. 0 5 1 33145 -1-45 46 821 1805166. ⁶o 5 2 19211 -1-45 47 6,64 ’
Apr. 10 33252 826 Apr. 10 19281 528
161. 19 32269 9,48 161. 19 19240, 528
oct. 27 32297 10,13 061. 27 19288 425
Dec. 66 32236 1024 Dec. 66 19224 3,79

 

 

 

    
     
    

     

  

 

 

 

 

 

 

 

      
      
     
         

1796 san. 1 5 1 37264 -1-45 461523 1806066. 0 5 2 24,124 4-45 47 822
Apr. 10 37211 1526 Apr. 10 24,152 - 724
161. 19 37‚17o 16,71 Jul. 19 24,168 724
061. 27 37,141 17,49 061. 27 24,171 623
Dec. 66 37‚125 ⁸ 18,29 Dec. 66 24,162 5‚41 ,

1797 166. 0 5 1 41,537 ÷45 46 2225 1807166. 0 5 2 28277 -1-45 471024
Apr. 10 41229 23,46 Apr. 10 28259 922
161. 19 41234 2427 161. 19 28229 821
061. 27 41253 2528 oct. 27 ⁰ 28,486 721 -
Dec.66 41284 2528 116666 28231 723

1798166. 0 5 1 45278 4-45 463023 1808 san. 1 5 2 32262 -1-45471125
Apr. 10 46215, 3123 Apr. 10 32‚799 11‚o9
161. 19 46263 3121 161. 19 32725 1026
oct. 27 46,122 3226 066 27 32241 927
1)·66 66 46,193 3328 Dec. 66 32246 921

 

 

 

 

 

166. 0 5 2 36290 -1-45 47 13,78
616610 36288
161. 19 36279
061. 27 36262
Dec. 66 36237

1799 Jan. O 5 1 50‚577 -1-45 46 37‚66 1809
Apr. 10 50‚655 38,36
Jul. 19 50,741 3921
Oct. 27 50,836 39,62
Dec. 66 50,940 40‚19

 

ἢ

   

