532

T ab ula XII. continuata.

Reduc-tio observationum Solis.

Augustus.

 

     

Mora Var.
transitus saec.

Radius Var. Pal-all-

Log'F Tang· sec· disci Saec. *axis

a Logb

wmmwwwmmw

0 21666 ..6,06 0,02666 0,660 1,056 1’ζο6 6206 1’5 4’6, 99 -019

1 16,16 -0,06 2606 0,625 1,052 1,05 6206 4712 -0,20.

2 1299 -0,06 2241 0,620 1,050 1,07 6,197 47, ’251-οζ20

6 1262 -0,06 2176 0,615 1,049 1,09 6,192 47, ’69 ,0,21.

4 1264 -0,06 2115 0,610 1,047 1,11 6,166 47,54 ..0,221

5 1247 ,- 0,06 2052 0,.605 1046 1,,16 6,160 47,66 - 0,22,

6 1260 .- 0,06 1969 0,6100 1,044 1,14 6,174 4266 -0,126

7 1216 -0,06 1926 0,29511,046 1,16 6,167 47-,99 -0,24-

8 11,96 -0,06 1666 0,269· 1,041 1,16,6,161 4614 -0,-241’

9 11,79 - 0,06 1600 0,2641 1 ’040 1,2οι 6,154 4661 - 0,25

10 11,66 -0,04 1766 0,276 ,1,066 1,22 6,147 4647 -0,261 fas
11 11,46 -. 0,04 1676 0,276 1,067 1,26 6,140 4664 -0,261 ,μ
12 11,60 -0,04 1614 0,267 1,065 1,25 6,162 4261 ..0,271

16 11,14 -0,04 1552 0,262 1,064 1,27 6,124 46,99 -0,26Ὶ

14 10,96 -0,04 1491 0,256 1,062 1 2,6 6,115 49,17 7- 0,26·

15 10,62 -,0,04 1462 0,260 1,061 1,60 6,106 4965 ..0,29,

16 10,67 -10,04 1676 0,244 1,029 1,61 6,097 49,54 -0,60,;

17 10,52 -0,04 1615 0,269 17026 1,66 6,066 4276 -0,60»,1 ,
18 10,66 -0,04 1257 0,266 1,027 1,64 6,076 4292 -0,611

19 10,26 -0,04 1200 0,227ζ1ζο26 1,66 6,066 50,11 -0,62-

20 10,09 -0,04 1144 0,221 1,024 1,67 6,057 5061 -0,62-

21 9,95 -0,04 1069 0,215 1,026 1,66 6,046 50,52 -0,66,- s
22 9,62 -0,05 1065 0,2091 1,022 140 6,064 50,72 -0,661 j
26 9,69 -0,05 962 0,206 1,021 1241 6,022 5066 -0,6,41 ’
24 9,56 -0,05 930v 0,196· 1,019 1ζ42 6,010 51,14 -0,64,. s
25 9,44 -0,05 6601 10,190 1,016 1,44. 5,997 5166 -0,65

26 9‚33 -0,05 6601 0,164 1,017 ,1,45Ἰ 5,964 5167 ,0,66·

27 9,21 -0,05 7621 0,176 1,016 11,46 5,970 511179 -10,66

26 · 9,10 -0,05 766 0,1711 1,015 1‚47,¹ 5,955 5202 -0,671-

29 9,00 -0,05 690 0,165 1,016 1,46, 5,969 6224 .-·0,67

60 6,90 -0,05 646 0,156 1,012 1,49 5,926 5247 -o‚33 ,·
61 6,61 -0,05 604 0,152 1,011 71,50 5,905 5270 - 0,66 6
62 6,72 -- 0,05 566 0,145 1,010 1,51 53887 5294 -0,69 .

 
 
 
 
 
 

 

      
    
  
     
    
     
   
   

    
      

