358

Tabulae X. Soet. 1V. y Pegasi.

1810166. 0 δ 828285 414 78822 1820 san. 1 ὃ 858208 4141655364
Apr. 10 28296 87,52 Ap r. 10 58495 5624 ,
Jul. 19 28205 86,90 Jul. 19 68,588 56,84
oct. 27 28,111 8628 Oct. 27 58,681 5728
066. 66 28,014 85,64 066. 66 58 ,774 58, 02 -

1811 Jan. 0 0 3 31,125 -4-14 7 55,88 1821111111. 0 0 4 1,822 -1-14 11 17, 86
Apr. 10 31,027 55,25 Ap r. 10 1,915 18, 43
Jul. 19 30,929 54,63 Ju1.19 2, 006 18, 99
Oct. 27 30,832 54,02 oct. 27 2,095 19,53.
Dec. 66 30,735 53,43 , Dec. 66 2,183 20,04

1812 Jan. 1 0 333,845 -1-14 813,65 18221011. 0 0 4 5,232 -1-14 1139,90
Apr. 10 , , Apr. 10 5,317 40,39
Jul. 19 · ‚ 12,52 ⁵ Jul. 19 5,398 40,85
Oct. 27 >
Dec. 66

’ oct. 27 5, 474 41, 27.
Dec. 66 5, 545 41, 65

18181an.o 0 336,590 414 831,70 18231011. O 0 4 8600-1-1412 1,56
Apr. 10 36, 508 31, 24 Ap r. 10 8, 667 1, 92
Jul. 19 36, 432 30, 83 Jul. 19 8, 729 2, 22
Oct. 27 36,363 30,46 Oct. 27 8, 783 2, 48
Dec. 66 36,300 30,13 ¹ Dec. 66 8, 830 2, 69

1814 san. 0 0 339‚398 —1-14 850,26 1824166. 1 0 411894 -1-14122265
Apr. 10 39,340 49,97 Apr. 10 11286 2222
161. 19 89289 49,74 Jul. 19 11,970 2294
Oct. 27 89247 49,56 Oct. 27 11296 28,00
066. 66 89212 49,44 066. 66 12,018 28,01

1815 san. ο 0 842200 1-1-14 9 9,50 1825 san. 0 0 4 15,087 4-14 12 48,05
, Apr. 10 42271 9,42 Apr. 10 15,098 4822
Jul. 19 42251 9,40 Jul. 19 15,101 4298
Oct. 27 42240 9,42 Oct. 27 15 ,094 42, 79
066. 66 42, 287 9, 50 066. 66 15 ,079 42, 59

1816 Jan. 1 0 345 ,315 414 929, 50 18261811. 0 0 418, 165 41413 2, 68
Apr. 10 45, 318 29, 62 Ap r. 10 18,144
Jul. 19 45 ,330 29, 79 Jul. 19 18,114 2,15
Oct. 27 45,350 30,02 Oct.. 27 18, 076 1, 81
1)00. 66 45 3,78 30, 30 Dec. 66 18, 029

1817 Jan. 0 0 348, 446 -1-14 950,23 1827 Jan. 0 0 421,124 -1-14 1321, 59
Apr. 10 48, 480 50, 54 · Ap ι· 10 21,072 21,17
Jul 19 48 ,522 50, 90 ,10119 21, 013 ω, 71
Oct. 27 48, 571 51,30 Oet. 27 20, 947 20, 21
Dec. 66 48, 627 51,74 Dec. 66 20,874 19,67

1818 ffir- 10 0 821, {23 -ι-14101ὲθὲ 1828.Ξ ο 428 978 -1-14188928
Jul. 19 51 ,818 12, ’57 Ρ] ἶ

Oet. 27 51’ ,885 18,09
066. 66 51262 18, 64

1819 Jan. 0 0 3 55 ,014 414 10 33 ,48 1829 Jan. 0 0 426,751 -1-14 13 57,77
Apr. 10 55 ,095 34 ,04 Apr.1o

Jul. 19 55,179 34 ,62 Jul. 19
Oct. 27 55,266 35,21 Oct. 27
Dec. 66 55‚355 35,81 Dec. 66

 

