336

Tabulae X. Sect. III. β Aquilae.

1790'Jan. o 19 4’5 ὅ909 .1. 553 4596 1800111111. o 1945211915

Apr. 10 0‚445 Apr. 10 28‚791
Jul. 19 0,376 Jul. 19 28‚871

oct. 27 0901 oct. 27 28953

Dec. 66 0‚221 Dec. 66 29‚038

1791 11111. 01945 3,199 -1- 5535492 18011111. 0194531960
Apr. 10 · 3,115 5499 ,4111110 32947
1111. 19 3929 5498 1111. 19 32135
οοι. 27 2940 5490 oct. 27 32223
Dec. 66 2949 5494 1111696 32911

17921111. 119 45 5‚830 -1- 554 398 1802111111. 019 45 35,232
Apr. 10 5,738 , 297 Apr.1o 35919

J ul. 19 5,645 . 2,60 J ul. 19 35,405
Oct. 27 5553 225 oct. 27 35‚491
Dec. 66 5‚461 1‚84 Dec. 66 35‚575

1793 Jan. Ο 19 454 8,(142 -1- 5 54 10‚37 1803 Jan. Ο 19 45 38,498

Apr. 1 38‚580

Jul. 19 38955
oct. 27 38927
1111366 38995

1794 11111. 0 19 45 11‚o75 -1- 5 54 1691 1804 11111. . 1 19 45 41923
Apr. 10 1o‚996 16,16 Apr. 10 41988
1111. 19 10923 15,47 ,-
oct. 27 10956 1495 oct. 27 41998
911696 10995 1399 9111166 41943

1795111111. 0 19 45 13966 ÷ 5542294 18051111. 019 45 44979
Apr. 10 13‚709 2197 Apr. 10 44920
1111. 19 13960 2199 1111. 19 44953
oct. 27 13918 2090 oct. 27 44978
911566 13984 1990 9111166 44995

1796 11111. 1 19 45 16,545 «1- 5 54 2896 1806 11111. 0 19 45 47941
Apr. 10 16,516 2797 Apr. 10 47953
Jul. 19 16,496 2699 1111. 19 47‚956
oct. 27 16984 2592 oct. 27 47952
1)11ο.66 16980 2597 9111166 47939

1797 11111. 0 19 45 19931 -1- 5543392 1807 san. 0·

Jul. 19 19,443 32,ae Jul. 19 50,848
Oct. 27 19‚461 31‚65 Oct. 27 50‚813
Dec. 66 19,487 31,Οὸ Dec. 66 50‚77o

1798111111. 0 19 45 22928 ÷ 5 54 3993 1808 san. 1 19 45 53936
·Apr. 10 22‚460 3995 Apr. 10 53988
1111. 19 ,22,499 3892 1111. 19 53933
oct. 27 22945 3895 oct. 27 53971
11111166 22997 3793 1111166 53903

1799111111. 01945 25929 -1- 5544697 1809
Apr. 10 25936 4599 Apr. 10
Jul. 19 25949 45,48 Jul. 19
Oct. 27 25917 4594 oct. 27
1111596 25990 4596 911666

J ul. 19 41‚846

19 45 50‚894
Apr. 10 19‚433 3299 Apr. 10 50‚875

-1- 5 54 5392
5399
5393
5394
53,41

-1- 555 1,8o
1,92
2,ss
2‚37
299

.1. 5 55 1190
1197
1199
1227
1290

-1- 5 55 21‚o4
21‚61
2223
2288
2357

1- 5 55 3196
32,48
3392
3397
3495 1

-1- 5 55 4292
43,71
44,49
45,27
4695

-1- 5 55 5493·
5499
5593
56145
57,14

-1- 556 5,35
6,01
6,62
7,19
7,70

-1- 5 56 1598 .
16,46
1697
17,21
17,49

 

 

