402

Tabulae X. sect. IV. α Scorpii.

1810 san. 0 1617472154 -3ἓ 59 4639 1830 san. 1 1813331954 -306 13637 .
Apr. 10 47347 49,10 Apr. 10 33363 8037
Jul. 19 46337 4838 Jul. 19 28‚178 8131
oct. 37 46334 4833 061. 37 33383 8138
066. 66 46,709 4838 066661 38394 31,49

1811 san. 0 16 17 50‚408 -35 59 5631 1831 166. 0¹16 18 37318 -36 1 40,11 .

Apr. 10 50391 5637 Apr. 10 37,137 40,18
161. 19 50,176 56,40 Jul. 19 37384 40,15
Oct. 37 50363 5630 oct. 37 37388 4036
066. 66 49,948 5638 066. 66 37,439 8931

1813 san. 1 16 17 58345 -36 0 437 1833 Jan. 0 16 18 81367 -36 1 4831
Apr. 10 53‚534 530 Apr. 10 31,165 48,41
Jul. 19 58,437 5,11 Jul. 19 81357 48,14
oct. 37 58334 539 oct. 37 81344 47,81
066. 66 58336 535 06666 {mm 47,41

1813 san. o 16 17 56318 -36 0 14,14 18381166. 0 16 18 85360 -36 156,19
Apr. 10 · 14,44 Apr. 10 85,186 55,75
Jul. 19 1431 Jul. 19 ’ 35304 5536
061. 37 1534 061. 37 85364 54,71
066. 66 15,74 066. 66 85316 54,11

1814 Jan. 01618 0371 -36 03435 1834166. 1161888360 -36 3 335
34,78 Apr. 10 89305 333
3536 Jul. 19 89341 135
3539 Oct. 37 89366 034
3637 066. 66 39383 030

1815 Jan. 01618 8339 -36 085,11 1835166. 0161843389 -36 3 938
Apr. 10 8,710 3531 Apr. 10 42,748 ’ 833
Jul. 19 8391 3634 Jul. 19 43,746 735
061. 37 8383 8739 oct. 37 . 43388 6,77
06666 8388 8836 066. 66 43310 · 537

1816166. 1 16 18 7343 -36 046,47 1836166. 0 1618 46381 -36 3 1436
Apr. 10 7350 4735 Apr. 10 46351 1436
Jul. 19 7369 4834 Jul. 19 46311 1837 .
oct. 37 7397 4838 oct. 37 46361 13,49
066. 66 7,486 4931 06666 46301 11,73

1817166. 0161811388 -36 05831 1837166. 0161849384 -36 33039
Apr. 10 11,138 5839 Apr. 10 49318 1934
Jul. 19 11,181 5935 161. 19 49,744 19,13
06137 11348 1 038 06137 49363 18,44
066. 66 11318 039 06666 49373 1730

1818 Jan. 0161814349 -36 1 9,43 1838 san. 11618 58366 -36 33633
- Apr. 10 15335 10,11 Apr. 10 53‚171 3631
Jul. 19 15,107 10,75 Jul. 19 53371 35,46
oct. 37 15,195 1135 061. 37 53367 · 3436

066. 66 15389 1130 066. 66 53357 3433

1819 Jan. Ο 16 18 18,917 -26 1 20,δὸ 1829 Jan. 0 16 18 56,556 - 26 2 33,27
Apr. 10 19‚o15 20‚9o Apr. 10
Jul. 19 19‚116 21,37 Jul. 19
Oct. 27 19‚221 21,7 8 Oct. 27
Dec. 66 19,329 22,OE

 

