Tabula vul.
1777.

Log. Α Log. Β ng. 0 Log. D Log. τ Ε

WWWWWW

9,4595 η 0,6745 03108 n 13998
9,4049 η 0,6579 03078 n 13790
93467 η 0,6850 03736 η 13435
93859 n 03073 13815 η 1,1877
93386 η 03763 1,1570 η 1,1093

9,1604η 03446 130947, 03969
93959 η 03154 134 8 n 03365
93383 η 0,4919 136 3 u 0,5182
83534η 03766 1369οη 93837 n
83598 η. 0,4709 13618 η 03639 η

8,7326 π o‚4743 1‚2415 n O‚8446 π
8,5263 π 0,4848 1,2068 n 1,0047 n
&0214 n 0‚4995 1‚1556 η 1,1112 n
&1918 0‚5151 1‚0836 n 1,1861 ‘n
&6490 O,5289 0,9824 n 1,2390 n

83819 03884 038435 137505
93407 · 03419 03876 n 13969 η
9,1604 03880 93085 n 13061 η
93547 03360 03555 13088 n
93808 03058 0,7338 138837,

93939 0,4759 03118 13601 ιη
9,4486 03883 13886 13169 η
9,4849 03983 1,1194 1,1553 η
93198 03439 1,18ο8 13684η
93476 03905 13389 03488 η

93714 03410 13519 0,7471 n
93938 03005 13664 ’ 03461 η
93114 0,1750 13683 03904
93801 0,1680 13573 0,6688
93494 0,1788 13834 03030

93700 03036 1,1919 13443
93933 03836 1,1833 1,1414
9,7160 03619 13467 13099
9,7411- 03851 , 03331 · 13574
9,7668 03979 0,7354 13880

9,7934 03975 03310 13088
93170 03814 03775 n 13056
93401 03474 0,6488 n 13987

 

