464

Tabulae X. sect. V. a Hydrae.

9 19 13, 832
13, 739
13, 648

— 7 55' 39, 72
39,15
38, 54

1830 Jan. 0
Ap r. 10
Jupl. 19
Oct. 27 13,559 37,90
Dec. 66 13‚473 3723

ΕΞ Jan. 0 9 19 16,449 - 7 55 5236

1832 Jan. 1 9 19 19‚113 —7 56 5, 49
Apr. 10
Jul. 19
oct. 27
Dec. 66

1833 Jan. 0
Apr. 10

' Jul. 19
Oct. 27

Dec. 66

183415211. ο

Apr. 10

Jul. 19

Oct. 27 24301
Dec. 66 24,718

43,81

1885 Jan. 0 91927,659
Apr. 10 27,681
Jul. 19 27310
Oct. 27 27347
Dec. 66 27392 48,62

18861181. 1 9 19 80328 -756 58,99
Apr. 10 80378 58,85

Jul. 19 80,828 5837

· 061. 27 80,889 5835
Dec. 66 80956 5839

18371180. 0 9 19 33,880 - 7 57 14,Ο9
Apr. 10Ι 33,951 14,17
J ul 19 34,026 14,32
oct. 27 34,105 14,53
Dec. 66 34‚187 14,80

1838‘Jan. 0 9 19 87306 - 7 57 8ο,02
Apr. 10 87391 80,88
Jul. 19 87,277 80,69
Oct. 27 87,864 8130
Dec. 66 37‚453 3157

1889056. 0 9 19 40,871 - 7 57 4638
Apr. 10 40‚460 47,23
Jul. 19 40‚548 4736
οοι. 27 40,685 4838
Dec. 66 40321 4894

9 19 21,856
21,817
21387
21365

21351

9 19 24302
24,698
24,698

- 7 56 18,20
17,52
16,88
16,27
15,69

- 7 56 8139
80,64
8034
29,69
2929

- 7 56 4438
44,87
44,06

1840!Jan. 1 919 48, 689 - 7 ”58 4’, 05

1841161110 91946,880 -75821, 79

18421185. o 919 50,060
50309
50351

- 7 58 89,69
4ο,88 ,
41,05

50386 4130 ’

50,214 42,88

9 19 58352 - 7 58 5736
58374 58,07
58388 5854
58394 5936
58391 59,65 <

9 19 56340 - 7 59 14,88
56382 1528
56315 15,68
56 ,090 16 ,08 “
56 ’056 16, 82

9 19 59, 015 -75981, 57
58, 976 81, ’81
,’58 980 81,98
58,877 82,ο9
58,816 8234

920 1, 784 -759 47,48
1, 719
1,648

1843111110
Apr. 10
Jul. 19
oct. 27
Dec. 66

1844 Jan. 1
Apr. 10
Jul. 19
Oct. 27
Dec. 66

1845 Jan. 0
'.Apr 10
Ju1.19
Oct. 27
11)εοῖ 66

1846 1 an 0
Apr. 10
J ul. 19
Oct. 27 1, 572
Dec. 66 1,491

18471811. 01920 4,465 -8 0 249 ’
Apr. 10 “
1111. 19
Oct.27
Dec. 66

1848 J an 1
Apr. 10
J ul 19

- 8 ο 16 ,64
1638
15,67 ’
1531 s
14‚51 .

9 20 7, 090
6' ,998
6,9.0,.5
63118
6320

oct. 27
Dec. 66

1849 Jan. Ο 920 9,698 -8 030,07 ἕ ¹

 

 

