266

Tabulae X. Sect.11. α Aquarii.

     
           
      

  

     

 

 

 

 

 

 

 

    

  

                 

1770¹Jam o 21 53 58903 - 1025 3”5,63 1780 san. 1 2157127391 - i’ 22 5833
Apr. 10 58,872 35‚38 Apr. 10 27,944 · 58,80
Ju1.19 58,833 35,19 Jul. 19 28,004 58,8ο
Oct. 27 58,787 35,05 oct. 27 28,ο70 58,75
Dec. 661 58,732 34‚99 - Dec. 66 28,142 58,63

1771 san 0 2154 1,837 - 125 17,92 1781 Jan. 021 5431,203 - 12241,57
Apr. 10 1‚777 17‚9o Apr. 10 31,278 41,42
Jul. 19 1,711 17,94 sul. 19 31,357 41,21
oct. 27 1,638 18,05 oct. 27 31,440 40,94
Dec. 66 1‚559 1822 Dec. 66 31,525 40,52

 

 

 

        

        

    

     
   
   

 

        
           
    

    
    
   

 

 

 

    

 

17721an. 1 2154 4,673 - 125 1,07 1782 san. 0215434,583 — 12223,62
Apr. 10 4,590 Apr. 10 34‚672 23,27

Jul. 19 4,504 Jul. 19 34,763 22,87
Oct. 27 4,414 oct. 27 34354 22,42

Dec. 66 4,320 Dec. 66 34,947 21,92

1783 san. 021 54 38,οο2 - 122 4,98

Apr. 10 Apr. 1ο 38,o95 4‚46

Jul. 19 Jul. 19 38‚187 3391
Oct. 27 oct. 27 38,277 3,33
Dec. 66 Dec. 66 38‚367 2,72

 

 

 

 
 

         
          
 

1774 Jan. 021 54 10,170 - 1 24 29,75 1784 Jan. 1 21 54 41,422 - 1 21 45,81
10,073 30,34 Apr. 10 41,510 45,18

9,978 30,95 Jul. 19 41‚594 44‚54

9,886 31‚60 oct. 27 41,674 ’43,89

9,797 32,27 Dec. 66 41,750 43, 22

 

 

 

   

 

1785 Jan. O 21 5444, 810 - 1 21 26, 33 ,
Α r. 10 44, 883 25, 66
Jul. 19 44, 950 24, 99
Oct 27 45 011 24,33
Dec 66 45 065 23,ὅὸ

1786 Χειω Ο 21 54 48‚133 — 1 21 6,78

14

 

           
    

1776 san. 1 21 54 15,706 ’- 1 24, 0,36

     

Apr. 10 15,640
sul. 19 15,581
oct. 27 15 ,530

       

 

    

 
      

   

      

 

 

         
     

 

 

 

Dec. 66 15 ,487
1777 Jan. 0 21 54 18, 585 - 1 23 45 ,70 1787 Jan. Ο 21 54 51,363 - 1 ω47,43
Apr. 10 51,383 46,89
Jul. 19 51,396 46,39
oct. 27 51, 400 45,94
Dec. 66 51, 395 45,53
1778 Jan. 0 21 54 21,572 —— 1 23 30,68 1788 Jan. 1 21 54 54,483 - 1 20 28,54
Apr. 10 54,472 28,17
Jul. 19 54,452 27 ,85
Oct. 27 54,424 27,59
Dec. 66 54‚387 27,δὸ
1789 Jan. 0 21 54 57,485 - 1 20 10,32
183

