⁵38

Tabula XIV.

Rffractio astronomica.

Dist.
a Vert.

Log. α Diff.

136156 - ’ 135843
136156 135309
136154 135771
136153 135736
136149 135675
136145 135615
136139 135543

136133 135457
136136 135441

136134 135435
136133 135408
136130 135391
136138 . 135373
136136 135355
136134 ’ 135336
136133 135316
136119 135395
136117 135374
136114 135353
136111 135339
136107 135305
136104 135180
136100 , 135155
136096 135139
136093 135101
136087 135073
136083 135043
136077 135013
136071 134981
136065 134947
136058 134913
136050 134876
136043 . 134839
136033 Δ 134799
136033 134757
136013 134714
136001 134670
135988 134633
135973 134573
135957 134531
135939 134468
135919 134413
135897 134353

135871 134388
135843

 

