192

  

Tabulae X. Sect. I. a Pegasi.

               
           
           
       
     

 

 

 

 

 

 

  

      
      
     

  

     

' 1750 Jan. 0 2252252181 -4- 13 5'1 5537 1760 san. ’ 1 22 52 43307 -ι-13<> 54’ 59ζο8
Apr. 10 20308 5930 Apr. 10 48306 5832

Jul. 19 20327 52 ο,18 Jul. 19 48313 5831

oct. 27 20338 ο,40 oct. 27 48328 58,76

Dec. 66 . 20340 . 037 Dec. 66 48,351 58,77

1751 san. 022 52 23317 413 52 19,70 1761 Jan. 0 22 52 51320 1,-13 55 1735
Apr. 10 23313, 1933 Apr. 10 51,349 1830

Jul. 19 23301 1930 Jul. 19 51385 18,10

oct. 27 23380 1932 oct. 27 51328 18,26

Dec. 66 22451 1937 Dec. 66 51,479 18,47

 

 

 

    

 

  
              

-ς-13 55 3739

1752 Jan. 1122 52 26339 ÷ 13 52 3937 1762 Jan. 0 22 52 54,439
Apr. 10 26‚4o4 38,98 Apr. 10 54‚493 3734
Jul. 19 26362 3834 Jul. 19 54353 3833
oct. 27 26311 3834 Oct 27 54319 3838
Dec.66 26‚253 3837 · 54390 38,87

 

 

 

 

 
    
 
  
        
   
       

 

 

     

     

     
       
          

  

   
   
    

  

      

 

     

   

          
      
           
          
          

 

 

   

1753 Jau. Ο 22 52 29,251 ÷13 52 57,65 1763 J an. Ο 22 52 57,644 ÷13 55 57,92
Apr. 10 29,188 57,35 ' Apr. 10 57,722 5“8,34
Jul. 19 29,12Ο 57‚oo 57,802 5830
Oct. 27 29,Ο46 56,6Ο 57,886 59,29
Dec. 66 28,966 56,15 57,972 59,82

1754 J an. O 22 52 31‚970· -1-13 53 15,48 1764 Jan. 1 22 53 Ο,92Ο -1-13 56 18,83
App. 10 31‚887- 15‚oo . Apr. 10 19‚38
Jul. 19 31‚800 14‚49 '19‚94
Oct. 27 31,71 1' 13‚94 20,53
Dec. 66 31,618 13,36 21,14 ’

1755 Jan. 0¹22 52 34,627 -1- 13 53 3274 1765 Jan. Ο 22 53 4,224 -Ι-13 56 4Ο,13
Apr. 10 · 3453ss 3213 Apr. 10 4,314 40,74
Jul. 19 34,438 31,52. Jul. 19 4,403 41‚36
Oct. 27 34,344 f 30,89 oct. 27 4,491 ’ 41,98
Dec. 66 34‚250 3Ο,25 Dec. 66 4,577 42,61

 

 

 

 

  
 
  
 

  
  

  
  
  
    

    

1756 san. 122 5237359 -1-13 53 4936 1766 Jan. 02253 7326 -1-13 57 1‚59 ;
Apr. 10 · 37,166 4839 Apr. 10 7310 221
Jul. 19 37375 4834 Jul. 19 7390 231
Oct. 27 36387 4739 06127 7,766 v 330
Dec. 66 36303 4736 Dec. 66 7337 337

 

  

 

 

 

   

 

     
       
  

 

 

 

          

 

 

      

1757 Jan. 0 22 52 39309 -ι- 13 54 6,46 1767 Jan. 0122 53 10,792 -ι-13 57 2238
Apr. 10 39327 534 Apr. 10 10360 - ,2334
Jul. 19 39‚751 5,24 Jul. 19 10322 2436
Oct. 27 39381 437 061. 27 10378 - 2435
Dec. 66 39316 4,12 Dec. 66 11327 2531

1758 san. 022 52 42315 -1-13 54 23,48 1768 san. 1 22 53 13390 -1-13 57 4436
Apr. 10 42554 2236 Apr. 10 14334 44,49
Jul. 19 42301 2248 Jul. 19 -14371 4438
Oet. 27 42456 2234 Oct. 27 14,100 45,21
Dec. 66 42418 2135 Dec. 66 14,121 4530 -

1759 Jan. 0 22 52 45308 413 54 4036 176927Jan. 0122 53 17394 ÷ 13 58 431
Apr. 10 - 45375 4030 . Apr. 10 17‚109 436
Jul. 19 -’ 45351 4039 Jul. 19 17,116 536
06327 45335 4033 001. 27 17,115 5,20
inec. 66 45328 3933 Dec. 66 17,105 5 29

 

     

