118

Tabula IX.

continuata.

Valores quantitatum C ὥ Ι) pro siugulis diebus.

Martius.

Log. C Log. D

1750 1850 1750 1850

02480
0,8270
02048
0,7813
0,7563

,2411 71 1,241071 Ο,8473
,2438 71 1,2438 n Ο,8263
’246477 12464 77 02041
2488 π 1,2488 71 0,7805

11 71 1,251171 0,7555

1
1

1,

1,

1, ’25

1,253277 1253377 0,7289
ἒ

1,

1,

1

ox &tamt-³0

0,7297
0,7012
0,6706
0,6375
0,6016

,2553 71 1,2553 71 0,7003
,2571 71 1,2571 71 0,6697
2589 71 1,2588 71 0,6366
2604 n 1,260471 Ο, 6006

6
7
8
9
0
1

,2619 n 1, 2619 71 0, 5612

1
1

05623
0,5190
0,4707
0,4163
02540

1,2632 77 1,2632 77 0, ’5178
12 1,2644 77 1 ’264477 0,4695
13 1,265477 1265477 0,4150
14 1266377 1266377 02526

15 1267177 1267177 02795
16 1,267777 1267877 0,1915
17 1268277 1,268377 0,0809
18 1268677 1268777 92321
19 1,268977 1268977 92039

02812
0,1935
0,0833
92353
9,7090

- 20 1,269071 1, 269171 9,1937 9, 2091

21 1, 2690 71 1, 269071 9, 2860 71 9, 2739 71
22 12689 71 1, 2690 71 9, 7343 71 9, 7303 71
23 12686 71 1,268671 9, 949971 9, 9477 71
24 1, 2682 71 1,268271 O ,0932 71 Ο, 091771

25 1,2677 71 1,2677 71 Ο,2006 π 0,1995 71
26 1,2670 77 12671 77 02865 7-7 02857 77
27 1,266271 1,2663 71 0,3580 71 Ο,3574 71
28 1,2653 77 12654 77 0,4193 77 0,4188 77
29 1,264371 1,264471 0,4728 71 0,472471

30 12631 77 12632 77 02203 77 0,5200 77
31 12618 77 12619 77 0,5630 77 02628 77
32 12604 77 12604 77 0,6017 n o‚6016 77

Α vp 1· i 1 i s.
Log. C Log-D

1750 1850 1750 1850

1,2618 n 1,2619 n Ο,5630 n Ο,5628 71

12604 77 12604 77 0,601777 0,6016 77 ’

12588 77 12589 77 0,6371 77 0,6370 77
12571 77 12572 77 0,6697 77 0,6697 77
12553 77 12554 77 0,6999 77 0,6999 77

1,2534 n 1,2535 71 0,7280 71 0,7280 71
1,2512 71 1,2513 71 0,7543 71 0,7543 71
1,2490 71 1,2490 71 0,7789 71 0,7789 71
1,2466 71 1,2467 71 0,8021 71 Ο,8Ο21 71
1,2441 71 1,2442 71 Ο,8239 71 0,8240 71

1,2415 71 1,2415 71 Ο,8446 71 0‚8447 71
1,2387 71 1,2387 71 Ο,8642 71 0,8643 71
1,2357 71 1,2358 71, 0,8829 71 Ο,8830 71
1,2327 71 1,2327 71 0‚9006 71 Ο,9007 71
1,2294 71 1,2294 71 0,9175 71 0,9176 71

1,2260 n 1,2260 71 0,9336 71 Ο,9338 n
1,2225 71 1,2225 71 Ο,9491 71 0,9492 71
1,2188 71 1,2188 71 Ο,9638 n Ο,9640 71
1,2150 71 1,2150 71 0,9780 71 0,9782 71
1,2110 71 1,2110 71 Ο,9916 71 Ο,9918 71

1,206871 1,206871 1,004671 1,004871
1,202571 1,202571 1,017271 1,0174η
1,198071 1,198071 1,029211 1,029471
1,193471 1,193371 1,040871 1,041071
1,188571 1,188571 1,Οό2071 1,052271

1,1835 71 1,1835 71 1,0628 71 1,0630 71
1,1783 71 1,1783 71 1,0732 71 1,0734 71
1,1730 71 1,1729 71 1,0832 71 1,0834 71
1,1674 71 1,1673 71 1,0929 71 1,0931 71
1,1616 71 1,1615 71 1,1022 71 1,1024 71

1,155771 1,155671 1,111271 1,111471
1,149571 1,149471 1,119971 1,120171

 

