340

Tabulae X. Sect 111. 2α Capricomi.

¹ Apr. 10 24,155 51,81 ‘Apu 101 56,414 23,17
Jul. 19 24,070 51,61 » u1.19 56,507 23,18

Oct. 27 23380 51,48
Dec. 66 23,885 51,43 “ Dec. 66 ,66‚703 22,97

1791 Jan. 0 20 627,258 -,-13 10 40,95 1801 san. 0 20 7 0,οο9 - 13 9 12,49
Apr. 10 27,159 , 40,94 Apr. 10 0,109 12,32
Jul. 19 27,058 «· 41,01 Jul. 19 v0‚209 12,08
oct. 27 26,955 41,15 oct. 27 0309 1137
088 66 26,850 41,37 088. 66 0,409 . 11,39

1792 Jan. 1 2ο 630326 -13 10 3039 18021188. 0 20 7 3315 -13 9 0,99 ·
Apr. 10 30,120 31,06 ·- ‘Apa 10 3,814 0,58
Jul. 19 30,015 3139 , Jul. 9 3,91ο 0,12
oct. 27 29,910 3138 Oct„ 7 4,003 859,60
Dec. 66

088 66 29,809 32,24 , 4,093 59,03

1793 san. ο 20 633,183 -13 10 21,58 1803 Jan. ο 20 7 7403 -13 84869
p . 33‚083 22,οε Apr. 10 7ἶ490 48,09

. 32,987 22,63 sul. 19 571 47,46

. ⁷ 32,895 23,23 Oct. 27 ,64 4639

‚ . 23,88 08866 7317 ¹ 46,08

1794 Jan. 0 20 636,176 -13 10 13,16, 1804 Jan. 1 20 7 11,034 - 13 83538
,84 Apr. 10 11,109 35,ο5

,54 sul. 19 11,158 2* 34‚81

15,27 001, 27 11,209 33,56

16,03 08866 11,252 3239

1795988. 0 20 639346 -13 10 5,27 1805 san. 0 20 7 14,578 -13 8 , 0
Apr. 10 39,190 6,04 Αἳπ. 10 14,615 2133
Jul. 19 39,142 6,82 Jul. 19 14,643 2ο,96
oct. 27 39,104 7,59 oct. 27 14,6,62 20,21

. 08866 39,074 8,37 08866 14373 19,46

-13 957‚6o 1806Jan. 0

58,37 Apr. 10
59,13 Ι)ιιΙ. 19

1790 san. 0 2’ὂ 624234 -1ἓ 16 52081 180οἙ-8 0 2ὅ 658323 -103 92309

oct. 27
Dec. 66

1797 Jan. Ο 20 645,725 -13 949,83 807 Jan. 0 20 721,817 — 13 756‚06
Apr. 10 45,737 5o‚52 p . 21,286 55,45
Jul. 19 45‚757 51517 . 21,247 ’54,89
Oct. 27 45,787 51,77 . 21,198 ’ 5588

Dec. 66 45,826 5254 . ›21‚141 5392

17981811. 0 20 649,152 -13 941,64 18081388. 1 20 724300 -13 743,51
Apr. 10 49,197 . 42,17 . Apr. 10 24‚4-1⁹18 43,09
Jul. 19 49,249 42,64 9 sul. 19 24‚868 4234
Oct-27 49‚309 · · 4396 Oct. 27 24‚291 42,45
Dec. 66 49376 43,42 08866 24,207 42,24 > ν

1799 san. 0 20 652693 -13 93238 1809'Jan. 0 20 727375 -13 73135
Apr. 10 52365 33,10 Apr. 10 27,487 31,58
Jul. 19 52‚842 33‚35 Jul. 19 27,395 31,48“ “
081. 27 52925 33,53 088. 27 27,298 31,46
08866 53,013 ῑ33,65 08866 . 27,197 31,51

 

Oct. 27 56‚6o4 23,ss -

