478

Tabulae X. sect. V. 23 Librae.

-15 19 4218
41,8ο
41,48

-13 22 2’9,ο7
29,29

41,22 v

-15 19 56,43
56,28
56,2ο

1833 Jan. ο 14 41 38,199 -15 2ο 27,57
'Apu 1οι 38,151 Ι 27,9ο
Jul. 19 38,112· 28,29
oct. 27 38, ο82 28, 73
Dec 66 38, ’061 29, ’23
1834118516 14 41 41 ,37ο -15 2ο 44, 39
Apr.1o 41, Ξ356Ι 44, 92
41 351 45 ,48
001. 27 41 355 46 ,ο8
Dec. 66 41 369 46, 72
1835 Jan o 14 41 44, 667 -15 21 1,83
Jupl 19 44, 715 3,15
Oct 27 44, 753 3, 84
Dec 66 44, 799 4, 54
2ο,34
21,ο4
21,73
1837 Jan. o 14 41 51,612
51,689
51,77ο

p · 7
18321J Jan. 1 14 41 35,139 -15201155
Apr. 10 35 662 11,65
Jul. 19‘ 34,993 11,82
oct. 27 34,932 12,ο5
Dec. 66 34,878 12,34
Jul. 19

Ap r. 10 44, 687 2, 48
’ 1836 Jan. 1 14 41 48, 086 —15 21 19,63

Ap r. 10 48: 137

1ιιι.19’ 48,195

oct. 27 48,26ο
Dec. 66 48,333 22,42
51,856 39, 48

-15 21 37,52
38,2ο
38,85

Apr.10
Ju1.19
Oct. 27
—iDem 66

1838 Jan. O
Ap r. 10
Ju1.19
Oct. 27
Dec. 66

1839 Jan. 0

Ap r. 10
Jul. 19
Oct. 27
Dec. 66

51‚947 40, 09

14 41 55, 220 —15 21 55, 21
55, 314 55 ,79
55, 409 56 ,33
55 ,507 56, 83
55 ,606 57, 29

14 41 58 ,877 -15 22 12, 46
58, 977 12, 89
59, ο77 13’ ,26
59’ 176 13, ’57
59 ,274 13,83

1841 Jan. 0
Apr. 10
Jul. 19
Oct. 27
Dec. 66

1842 Jan. 0
Apr. 10
Jul. 19
Oct. 27
Dec. 66

Jan. Ο
Apr. 10
Jul. 19
Oct. 27
Dec. 66

’ἷ1844 Jan. 1
Apr. 10
Ju1.19
Oct. 27 - 16,576 25,53
Dec. 66 16,543 24,84,

1845 Jan. o 14 42 19,86ο -15 23 4ο,37
Apr. 1ο 19,821 39,67
Jul. 19 19,773 ‚
oct. 27 19,717 ,
Dec. 66 19,652 ⁰ ,¹
1
2

Apr‘. 10
Jul. 19
Oct. 27

14 42 6,187
6,27ο
6,347
6,418
6,482

14 42 9,766
9,826
9,878
9,922
9,957

14 42 13,251
13,28ο
13,3oo
13, 311
13, ’313

14 42 16, 618
16, 613
16, 599

-15 22 59,86
59,62
5932
58,97
58,56

-15 23 14,ο1
13,56
13,ο7
12, 53

1843

——15 23 27, 45
26, 84
26, 20

22,91ο
22833
22,75ο
22,661

1847 Jan. o 14 42 25,997
25,905
25,8ο9
25,7ο9
25,6ο6

-15 24 5,78

-15 24 18,87 7
18,37

7-15 24 32,59
32,3ο
32,ο7
31,91
31,81

31,766
31,666
31,569
31,475

 

