Tabula v111.
1828.

Log. Α Log. B Log. C Log. D Log. τ Ε

92786 0,9150 0,5ο90 n 12999 4 6,οδ
9,8484 0,9119 02067 η 12790 , 4 0,08
9,8998 0,9058 0,9728 η 12426 , 4 0,08
92458 0,8977 1,0812 n 1,1878 , 4 0,08
92817 02887 1,1569 n 1,1095 , 4 0,08

9,5111 0,,8804 120987. 0,9971 , 40‚03
9,5852 0-,8741 12488η 08268 4 0,oe

9‚5556 QBZ'OS 152632 π 0,5187 , -Ι- 0,Οὸ
9‚5740 0,871,3 13690 π 9,27 65 n ‚ -1- 0,Οὲ
, 955917 008758 1,2619 π Ο,5628 n , -Ι- 0, 02

9,6099 0, 8887 12416 η 02447 π , 4 0, 02
9,6294 02948 12068 n 1,0048 n ‚ 4 0, ’02
9,6507 0, ’9068 1,1556 ‚2 1‚11·13 n ‚ 4 o' ,02
9,6787 o ,9186 1,0885 ιι 1,1862 η , 4 o’ ,02
9,6981 - 0,9299 0,9822 η 12891 n , 4 0 ,02

9,7282 0,9894 02888 η 12751 n ‚ 4 0, 02
9,7486 0,9464 0,5867 n 12969 η , 4 ο,02
9,7784 0,9604 9,9087 η 12061 n ‚ 4 ο,02
9,7970 0,9512 0,8578 12082 n ‚ 4 ο,02
9,8189 0,9491 0,7286 12882 n ‚ 4 0 ,02

9,8888 0,9442 0,9118 12600 n ‚ 4 o ,02
9,8564 0,9878 1,0889 12167 η , 4 o} 02
9,8717 0,9292 1,1196 1,1550 n ‚ 4 0, ’02
9,·8848 0,9209 1,1809 1,0681 η , 4 o’ 02
9,8960 0,9185 12240 0,9480 n ‚ 4 o’ 02

9,9057 0,9081 12519 0,7467 n ‚ 4 ο,02
9,9148 0,9055 12664 02454 n ‚ 4 ο,02
9,9228 0,9064 12682 ο,0911 , 4 ο,02
9,9808 0,9108 12572 02688 , 4 ο,01 ’
9,9889 0,9184 12824 0,9019 , 4 ο,01

9,9484 0,9282 1,1920 1,0442 , . 4 ο,01
9,9591 0,9898 1,1828 1,1418, , 4 ο,01
9,9711 0,9508 1,0469 12098 , 4 ο,01
9,9840 0,9601 0,9225 12578 , , 4 ο,01
9,9977 0,9677 0,7260 12879 , 4 ο,01

ο,0118 0,9728 02229 1,.8087 , 4 ο,01
ο,0258 0,9787 omma 1‚3056 ‚ 4 ο,01
ο,0892 - 0,9717 02474.. 12988 , 4 ο,01

 

