49⁵

Tabulae X. sect. V. α Aquilae.

l 8 40 ζὲἓοὲο Α. R. med. Decl. med.

ΜΜ mvl-§2

οἴω-160 ÷1 ÷1 1830 194229, 2798 -4- ε’825 30, 898
1,59 -16,2 0 -}-1 1831 42 32, 2083 25 39, 940
3, 20 -15 ,8 0 ÷1 1832 4235,1368 25 48 ,986
4, 74 -14, 6 -1 -Ι-1 1833 42 38 06,53 25 58,034
Febr. 9 -0, 806 418, 0 — 6,12 -12, 8 -1 41 1834 424Ο,9938 26 7,089
1835 42 433224 26 16,146
19 -0, 612 -1-20, 6 - 7 ,30-10, 4 -2 -1-1 1836 4246,8509 2625 ,207
,394 -1-22, 9 - 8, 20 - 7, 4 -2 41 1837 42 49,7794 26 34 ,272
11 -0,154 424, 9 - 8, 77 - 4, 0 -2 41 1838 42 52,7078 . 2643’ ,341
21 -ι-Ο, 104 -1-26, 6 - 8 ,99 - 0, 4 -3 0 1839 42 55,6362 26 52 ,414
3120,,,378-ι-280-8842 3,4-3 0 1840 4258,5645 27 1,490
1841 43 1,4929 27 1ο’ 570
Apr. 10 20, 663 -ι-28, 9 -- 8,31 -ι- 71 -3 0 1842 43 4,4213 27 19, 654
20 20,955 -ι-29,4 - 7,42 21ο,6 -3 0 1843 43 7,3497 27 28’ ,742
30 21,25ο 2294 — 6,2ο 213,6 -3 o 1844 43 102781 2737834
Maj.1o ÷1‚542 ÷28,8 - 4,71 216,1 -2 o 1845 43 132064 2746930
20 21,825 227,6 - 2,98 218,2 -2 0 1846 43 16,1347 27 56,030
⁴ 1847 4319,0630 28 5,133
30 ..f-2094 225,8 - 1,οὸ 219,6 -2 ÷1 1848 43 21,9913 28 14,240
Jun. 9 42,341 ÷23‚4 -1- o,93 ÷20‚3 -2 41 1849 4324,9196 28 23,351
19 22561 220,4 2 2,98 220,5 -1 41 1850 4327,8478 28 32466

29 -ι-2,748 416,ss ÷ 5,03 ÷20‚2 —1 ÷1

Jul. 9 -ι-2,897 -ι-12,9 4- 7,01 ÷19,3 o 41

19 -1-3, 005 -ι- 8,6 -Ι- 8,89 -1-18, 1 o÷2 Diei reducto addendum est:

29-4-3,069-ι- 4,2 -4-10,62-ι-16,4 Ο-ι-2
1282ῑ1218μ3113113 11 } ω ς ⁰

28ἶῖἶζ3οοο- 8,3 214,65 21ο,2 22 23 ⁹⁰⁸⁸ ÷ ¹

Sept. 7 22, 899-11, 7 -1-15, 56 -ι- 7,9 22 -ι-3
17 22,,767-143 -ι-16,22-ι- 5,4 22 ÷3
27÷2‚,614—160 416544 3,0 22 ÷3

Oct. 722,,447-169 216,822 ο,6 28 24
17 -ι-2,276 -16‚9 416,76— 128 -{-3 44

27 -ι-2,110-15,9 416,46- 4,2 23 44
Nov. 6 21,958 -14,2 215,92 - 6,6 23 24
16 21,827 -11,7 215,15 - 8,8 22 24
26 21,725 — 8,6 214,16 -11,ο 22 24
Dec. 6 ÷1‚656- 5,1 21296 -12,8 22 ÷5

16 ÷1,628 - 1,4 ÷11,60 -14,4 21 45

26 21,629 2 2,4 21ο,09 -15,5 21 25
36 -ι-1,672 -ι- 6,2 -ι- 8,50 -16,1 0 46

In mensa. Jan. et Febr. annorum bissextorum legitur dies insequens.

 

