240

Tabulae X.· Sect. ΙΙ. 201 Librae.

1770 san. 0 1913812463 -15 42282 1780 366. 1 15138 42299 - 15 65205
Apr. 10 12443 2216 Apr. 10 43345 5275
361. 19 12413 2249 361. 19 42399 57,45
oct. 27 12374 2280 oct. 27 42460 58,14
066. 66 12326 2208 066. 66 42529 5834

1771366. 0 14 38 12637 -15 43835 1781366. 0143846300 -15 7 14,11
Apr. 10 12583 38,13 Apr. 10 46‚873 14‚79
Jul. 19 12522 37,42 361. 19 46‚951 1246
oct. 27 12453 3271 Oct. 27 47334 1211
066. 66 15376 3200 Dec. 66 47,123 1274

1772 Jan. 1 14 38 18,696 —- 15 4 51,76 1782 Jan. Ο 14 38 50,388 - 15 7 32,02
Apr. 10 18,615 51‚06 Apr. 10 5o‚479
Jul. 19 18,529 50,39 J 111. 19 5057ss
Oct. 27 18,438 49‚74 Oct. 27 50,669
lDec. 66 18,341 49,11 Dec. 66 5o‚768

‚1773 Jan. Ο 14 38 21,667 - 15 5 4,84 1783 Jan. Ο 14 38 54‚030 —- 15 7 49,55
Apr. 10 21‚568 425 · Apr. 10 54‚230
Jul. 19 21,467 3,69 Jul. 19 54,229
Oct. 27 21,364 3,19 Oct. 27 U 54‚328
Dec. 66 21,259 2,73 Dec. 66 54,427

1774 Jan. O 14 38 242589 —- 15 5 18‚39 1784 Jan. 1 14 38 57‚690 — 15 8 6,47
Apr. 10 24,484 17,97 Apr. 10 57,788 6‚73 ·
Jul. 19 24,38Ο 17,61 Jul. 19 , 57,882 6,93
Oct. 27 242278 17,31 Oct. 27 57,974 7,Οὸ
Dec. 66

24‚177 17,07 066. 66 58‚063 7,16

1775¹Jan. 014 38 27305 -15 53266 1785 san. 014 39 1329 -15 82262
Apr. 10 27,406 3246 p 1,415 2266
361. 19 27312 3233 1,495 2264
oct. 27 27323 3227 1,569 2255
066. 66 27339 3227 1337 2241

17761Ιᾶ11. 1 14 38 30,461 - 15 5 47‚78 1786 Jan. Ο 14 39 4,911 - 15 8 37,94
Apr. 10 30,381 47,83 Apr. 10 4‚975 37,75
Jul. 19 30,308 47,95 Jul. 19 5,031 37,50
Oct. 27 32242 4213 oct. 27 2079 37,19
Dec. 66 30‚183 48‚38 Dec. 66 5‚120 36,82

1777 san. 01438 32497 -15 6 280 1787 san. 01439 2403 -15 85243
Apr. 10 32444 4,09 Apr. 10 2438 5202
361, 19 32400 243 361. 19 2463 5137
oct. 27 33365 433 oct. 27 2480 51,07
066. 66 32338 229 066. 66 2487 5032

1778 san. 0²14 38 32641 - 15 62264 1788 san. 1 143911,782 -15 9 218
Apr. 10 32621 21,13 Apu-,10 11,783 · 260
361. 19 32610 2136 361. 19 11,774 439
oct. 27 32609 2223 oct. 27 11,755 435
066. 66 32617 2284 066. 66 11,727 268
1779 366. 0 14 38 32908 -15 63213 1789 san. o 14 39 12035 -15 91938
Apr. 10 32923 3277 Apr. 10 15,001 18‚69
Jul- 19 39‚946 39,42 361. 19 14359 17,99

Oct. 27 39,978 4Ο,Ο9 Oct. 27 14,908 17,27
Dec. 66 4o‚019 40‚78 Dec. 663 14‚848 16‚55

 

