314

      

Tabulae X. . Secta ΠΙ. α Bootis.

         
          

       
  

   

   

    
     

1790’16ιι. 0 1¹4 6 4363 425165559 13001166. 0 1’”4 632267 1661134616
3³15?ss ἓῑέἶιὲ Ξῗζὲἓ ψ 5¹15? {3 ΞΞΞΞΞΞ {³4:33 «
oct. 27 6,616 67,76 06627 32,609 43,27 ·
066. 66 6,630 63,43 116666 s 32‚595 4266

 

 

 

 

    
         

 

        

     

        
       

    
  

1791166. 0 14 6 3,291 42016 39,13 1301 san. ο 14 636293 4201323,8o
Apr. 10 3,203 3931 Apr. 10 ⁸ 36,336 23,22
Jul. 19 8,114 40‚46 Jul. 19 36,470 = 22,67
oct. 27 3,024 41,09 oct. 27 36,666 22,16
06666 7,934 41,69 Dec. 66 36,633 21,67

                          
     
            
                

 

 

 

 

 

17921311. 1 14 6 10,696
Apr. 10 10,606
Jul. 19 10,517
Oct. 27 10,431

Dec. 66 10,347

-1-201622,42 1802 Jan. 0 14 688,342 ÷2o 13 2,78
Ξὲῑὲἓ
24,03
24,48 -,

    

 

 

      

          

 

 

 

             

 

 

 

 

 

 

 

179 Jan. Ο 14 618,107 -ι-2Ο 16 5,27 1803 Jan. 0¹ 14 641,357 4201241232
Apr. 10 13‚025 5,68 Apr. 10 41,4.25 42,06

Jul. 19 12,948 6,03 jul. 1 41,433 41,36

oct. 27 12,376 6,33 oet. 27 41646 41,70

Dec. 66 12‚808 , 6,57 Dec. 66 41,597 41,60

1794 Jan. 0 14 6 15,562 -ι-2Ο 15 47‚43‘ 1804 Jan. 1 14 644,313 -4-20 12 22,58.
Apr. 10 15,498 47,63 Apr. 10 44,360 2253

Jul. 19 15,441 47,76 Jul. 19 44,400 22,54

oct. 27 15 ,391 7, 83 oct. 27 44,434 22,61
[Dec. 66 15, 348 47, 84 Dec. 66 44,460 22,74
-1-20 15 28 ,78 1805 Jan. 0 14 6 47, 184 -ὶ-2Ο 12 3, 65

 

1796 san. 0 14 6 13,ο94
Ap r 10 18,056 23, 74 3,32
Ju1.19 18,026 23, 64 4,04
oct. 27 13,οο4 23, ’43 ‚ 4,33
Dec. 66 17,990 28, ’26 4,67

 

 

 

 

 

 

 

 

 

 

 

 

 

 

 

      
     

 

 

 

 

 

  
      

1796 san. 1 14 620, 726 42016 9,27 1306166. 0 14 649964 420114661
Ap r. 10 2ο, 713 9, 01 Apr. 10 49,946 46,39
Jul. 19 20’ 713 3, 69 Jul. 19 49,930 4632
001 27 20, 726 3, 31 Oet. 27 49,9ο6 4630
Dec. 66 20, ’742 7, 33 Dec. 66 49373 47,32
1797 san. 0 14 623, 467 -1-20 14 43 ,97 1307 san. 0 14 662617 420112310
Ap r. 10 23, 439 43ζ 61 Apr. 10 52,580 28,65
Ju1.19 23, ’613 43 ,01 Jul. 19 52,535 29‚23
001: 27 23, 664 47, 47 oct. 27 62, 434 29, 34
Dec. 66 23, 693 46, 90 066. 66 62, 426 30, 49
1798116660 14 626, 316 4201423, 04 1303 san. 1 14 666173 42011 11,23
Apr. 10 26, 364 27, 44 Apr. 10 66,116 11,39
Jul. 19 26, 413 26’ ,32 Ju1.19 55, ’047 12, 66
061. 27 26ζ473 26,13 Oct. 27 64’ 974 13, ’24
Dec. 66 26544, 25,52 066. 66 64,396 13,94
1799166, 0 14 629,253 -1-2014 6‚69 1309 san. 0 14 667666 42010 64,67
Apr. 10 29,323 6,02 Apr. 10 57, 573 55,37
Jul. 19 29,396 5,36 Jul. 19 67, 439 66,06 ,
061. 27 29,473 4,69 Oct. 27 ,ζ67 403 66,73
Dec. 66 29,663 4,02 Dec. 66 67, ’3141 67,39

 

 

          

