ι Tabula VIII.
1773.

Log. Α Log. B Ldg. Ο Log. D Log. τ Ε

ΜΜΜᾙΜΜ

00008 09671 05104 π 1,2998 -ι- 002
01220 - 09684 08078 η 1,2790 , ÷ 002
02112 . 09569 09726 η 1,2425 , , -ι- 002
02787 09486 1,0815 η 1,1877 , 4- 002
08805 09895 1,1570 η 1,1092 , -ι- 002

08709 09810 1,2094 η 09968 , -ι- 002
04088 09242 1,2488 n 08264 , ,ι- 002
04802 09201 1,2682 η 05181 , ’ ’.ι- 001
04541 09194 1,2690 η 02882 n , ÷ 001
04768 09222 1,2618 η 05629 η , 4. 001

05000 09282 1,2415 n 08446 n ‚ ψ 001
05247 09866 1,2068 n , 1,0046 η ⁷ ‚ -ι- 001
,05512 09464 1,1556 η 1,1112 η , 000
05796 09564 1,0886 n 1‚1861 n ‚ 000
06098 09658 09825 η 1,2890 η , , 0οο

06898 09784 08842 η 1,2750 η
06701 09788 05876 η 1,2969 n
06994 09815 09089 η 1,8061 η
07270 09812 08554 1,.8088 η
07525 09781 07228 1,2882η

07754 09725 09118 1,2601 η
07956 09650 1,0886 1,2169 η
08180 09562 1,1194 1,1552η
08279 09478 1,1808 1,0684 η ,
08406 09891 1,2289 09488 η ⁷ ,

08514 09828 1,2519 07471 η
08610 v 09291 1,2664 08461 n
08700 09288 1,2682 00908
08790 09818 1,2572 06688
08885 09878 1,2824 09020

08991 09460 1,1919 1,0448
09110 09555 1,1822 1,1414
09242 09650 1,0467 1,2099
09886 09788 09221 1,2574
09588 09796 07258 1,2880

09698 09880 08209 18088
09847 09888 00778 η 1,8056,
09998 09802 064847. 1,2987

 

