265

Tabulae X. Sect. Π. α Cygni.

1780 1780 ζζξςοᾷῗ

mmm

Α. R. med. Decl, med.

ww

 

1’, 606

 

 

Sept. 7 4-2,848 -15,4 4-21,21 4-23,4 4-2 4-ο
17 4-2,672 -19,4 423,δὸ 4-19,8 43 41
27 4-2,461 -22,5 4-25,17 415,8 43 4-1
Oct. 7 42223 -24,7 426,54 4-11,5 43 4-1
17 4-1,967 -26,0 4-27,46 4- , 43 42

6 9
27 41,704 -26,2 427,92 4 2,1 43 42
Nov. 6 41,444 -25,4 427,87 - 3,0 43 43
16 41,197 -23,7 427,33 - 7,9 43 43
26 40,970 -21,3 42630 -12,7 42 44
Dec. 6 40,772 -18,1 424,79 -17,3 42 44

16 4-0,6Ο9 -14,3 422,ὃὸ -21,4 4-2 44
26 40,487 -10,1 420,52 -24,8 41 45
36 4-Ο,4Ο9 - 5,4 4-17,90 -27,5 4-1 4-5

44 -26, 6 0142 1770 28’ 33 3¹5, 8585 444 28 3180

Jan. Ο- —- 7,2 4- 6,
10]-1, 655 — 2, 4 -ι- 3, 67 -28, 5 0 43 1771 33 37, 8984 28 15, 630
210- 1, 654 4- 2, 6 4- 0, 74 -29, 6 -1 43 1772 33 39, 9383 28 28 ,083
30— 1, 604 4- 7, 6 - 2, 24 -29, 4 -1 4-3 1773 33 41,9782 28 40,538
Febr. 9- 1, ’¹503 4-12, 5 - 5,13 -28,0 -2 -ι-3 1774 33 44,0182 28 52,995
1775 33 46,0582 29 5,454
19- 1, 354 417, 2 - 7, 84 -25, 6 -2 -1-2 1776 33 48,0982 29 17,915
Mart. 1 -1,159 ÷21‚7 -10,24 -22,1 -2 42 1777 33 50,1382 29 30,379
11 -0,921 4-25,8 -12,25 -17‚7 —3 42 1778 33 52,1783 29 42,845
21 -0‚644 4-29,4 —13‚77 -12,6 -3 ÷1 1779 33 54,2184 29 55,313
· 31 -O, 333 4-32,4 -14,76 — 7,o '-3 -ι-1 1780 33 56,2585 30 7,784
1781 33 58,2986 30 20,257
Ἀρι. 10 4-0, 004 4-34,7 -15,17 -- 1,2 -3 4-1 1782 34 O‚3388 3032,732
20 4-0, 360 4-36,1 -14,99 4- 4,7 -3 O 1783 34 2,3790 3045,209
30 4-0, 726 4-36,7 -14,23 4-1Ο,4 -2 0 1784 34 4,4192 3057,689
, Maj.10:÷1,094 4365 -12,92 4-15,6 -2 O 1785 34 6,4594 31 10‚17[
2ο 41,455 435,3 -11,11 42ο,4 -2 -1 1786 34 8,4996 3122655
1787 34 105399 31 35142
30 4-1, 799 4-33, 1 - 8, 84 4-24, 5- -1 -1 1788 34 12,5802 31 47,631
sun. 942117 430,1 - 6’21427,8 -1-1 1789 34146205 32 0,122
19 4-2, 401 4-26, 3 - 3, 29 4-30, 3 -1 —1 1790 34 16,6608 32 12,615
29ξ,42643 421,8 - ο’15 432,1 0-1
Jul. 9542, ,837 4-16, 8 4- 3,12 4-32,9 O -1
19Ι 4-2, 978 4-11, 3 4- 6, 43 4-33, O 4-1 -1 Diei reducto addendum est:
29},÷3063 4- 5,7 4- 9,72 4-32,4 4-1 -1
Aug. 8.-1-3,Ο91 Ο,Ο -Ι-12,914-31,4-Ο 1-1 ante Ο
18 43, 063 - 5 ,6 4115, 92 429, 0 42 0 post 1³¹¹· 25 ÷ 1
2842980 -10’8 418,71426,5 42 0 ·

In mensa. Jan. et Febr. annorum bissextorum legitur dies insequens.

