‘rabula v111.
1799.

Log. Α Log. B Log. C'

9‚4oo9 77 08989 77 08097 n 18999
98113 77 0,7074 77 08070 77 18790
98535 77 0,7858 77 08785 77 18486
9,1671 77 0,746877 1881477 1,1877
98713 77 0,7664 77 1,1569 77 1,1093

8863477 0,784777 1809377 08970

88370 77 0,7997 77 18488 77 08866
88760 77 08104 77 18638 77 08184 >
88331 77 08165 77 18690 77 98800 77
78888 77 08179 77 18619 77 08589 77

8,1751 08158 77 18415 77 08447 77
88866 08091 77 18068 77 18047 77
88183 0800677 1,155677 1,111377
88740 0,7911 77 18835 77 1,1868 77
9,1017 0,7881 77 08883 77 18391 77

98074 0,7758 77 08340 77 18751 77
98967 0,7715 77 08878 77 18969 77
98730 0,7781 77 98064 77 ⁴ 18061 77
98388 0,7778 77 08563 18033 77
9,4940 0,786677 0,7838 1888877

98415 0,7995 77 08115 18600 77
98817 08145 77 18338 18168 77
98157 08304 77 1,1195 1,1551 77
98443 08457 77 1,1809 18683 77
98685 0859877 18839 0843877

98895 0869977 18519 0,746977
9,7081 o‚8772 n 18664 08458 77
9,7853 08806 77 18688 08907 .
9,7488 0880877 18578 08688
9,7594 0876877 18384 08019

9,7777 08693 77 1,1980 18443
9,7978 08605 77 1,1388 1,1414 .
98180 0851877 18468 18099
98399 0848977 08883 18574
98688 08369 77 0,7856 18880

98845 0834777 08818 18037
979062 08369 77 0876077 18056
9,9266 078435 77 08479 77 18937

 

