333

Tabulae X. Sect. 111. γ Aquilae.

           
               
                 
              
      
      
           
       
    

1 8 0 0 1 8 0 0 2¹30? A. R. med. Decl. med.

san. 0 -1”,393 4 53 4 ὄ,10 -173 41 41,1790 1933134437 4 1⁰0 ‹3472072
10 -1333 4 8,9 - 1,64 —17‚3 0 41 1791 36 193989 655347

30 -1,116 4133 - 336 -163 0 4-1 1793 36 331541 7 3436

30 -ο,977 4135 - 5,01 -153 -1 41 1793 36 330093 7 11,609
361139 -0,807 4134 - 6,51 -13,8 -1 41 1794 36 373645 7 13796
1795 36 30,7197 737386

19 -0,609 431,0 - 7,77 -11,3 -3 41 1796 36 335749 733180
Mart. 1 -0,387 4333 — 8‚76— 83 -3 41 1797 36 334301 744378
11 40,144 4353 - 9,40 - 4,6 -3 41 1798 36 393353 7 53580

31 40,117 4338 - 9,67- 0,8 -3 41 1799 ¹ 36 431403 8 ο,786

31 40393 4330 - 9,56 4 31 -3 0 1800 36 443954 8 3995
1801 36 473505 8 17308

Apr. 10 40,677 4339 - 9,05 4 6,9 -3 0 1803 36 50,7056 835,435
30 40369 4333 — 8,18 41ο,5 -3 0 1803 36 535607 833646

30 41363 4393 - 6,96 4137 -3 0 1804 36 534158 8 41,870
Maj.1o 41,553 4334 - 5,45 4133 -3 0 1805 36 593709 8 50,ο98
3ο 41,831 4373 - 370 4135 -3 0 1806 37 31360 8 53330
1807 37 4,9811 9 6,566

30 43095 4333 - 1,76 430,0 -3 41 1808 37 73363 9 14,805
sun, 9 ÷2‚336 4338 4 039 430,8 -1 41 1809 37 10,6913 933048

19 43550 419,7
29 42,730 416,1
sul. 9 ÷2‚872 4 1

12,
19 42,972 4 7,8
29 43,Ο28 4 3⁹?

= ’18 43997- 5ζ3

339 431,ο -1 41 1810 37 135463 931395
,49 430,8 -1 41
,54 4139 0 41

   

4

6

8,47 418,5 O 41 Diei reducto addendum est:
11) 36 4-17,ο 0 43

4444 444

ἰ86 415,0 41 42 ante 1

1
{326 4123 41 42 post ς Jan. 12 ἴ 4?

38 43ζ935- 9‚0 ÷14‚44 ÷1o‚6 43 43
Sept. 7 ÷2‚827 -12‚3 415‚37 4 8,1 42 43
17 42,690 -14‚8 416,06 4 5,6 42 43
37 ÷2‚531—16‚6 ÷16‚49 4 3‚1 43 43
Oct. 7 42,359 -17,4 416,67 4 0‚5 43 43
17 43184 -173 41359- 3,1 43 44

27 42,015 -16,2 416,26 - 4,6 43 44
Nov. 6 41,861 -14,3 415,67 - 7,2 42 44

16 41,730-11,7 414,83-- 9,6 42 44

26 41,628.- 8,5 413,76 -11,8 42 44
Dec. 6 41,560 - 5‚o 412,47 -13‚9 42 45

16 41,539 - 13 41ο,99 4135 41 45

26 41,537 4 2,8 4 9,ὃὸ -16,6 41 45
36 41,584 4 6,6 4 7,67 -17,3 0 45

In mensa. Jan. et Febr. annorum bissextorum legitur dies insequens.

