Tabula 1V111.
1831.

Log. Α Log. B Log. 0 Log.D Log. t Ε

99591 7. 09367 09089 7. 19999 - 00 — 699
99387 7. 09996 09066 7. 19790 89369 - 099
89968 7. 09194 09799 7. 19496 89873 4- 099
89095 7. 09079 19819 7. 19879 , 89134 -- 099
89988 7. 0,8937 19569 7. 19095 99383 ..099

79497 7. 0,8808 19093 7. 09979 99359 - 099
8,1099 09696 19438 7. 09969 99144 - 099
89686 09614 19639 7. 09188 99813 - 099
89535 09569 19690 7. 997697. 99893 -093 ,
89834 0,8565 19619 7. 09698 7. 99995 - 093

89898 09599 19415 7. 09447 7. 9,4369 - 093
89845 09669 19068 7. 19048 7. 9,4776 - 093
99791 09749 195567. 191147. 99154 -093
99541 09797 19835 7. 19869 7. 99509 «- 0 03

99306 09904 098997. 193917. 99894 -οζ03

99014 09963 09338 7. 19751 7. 99193 -- 093
99659 09995 09866 7. 19970 7. 99404 .- 093
9,4940 09994 990347. 19061 7. 99667 -093
9,4757 09958 09574 190397. 99915 -093
99909 09888 09936 198897. 99150 -093

99600 09785 09118 196007. 99373 -4093
99934 09657 19339 19167 7. 99585 - 093
99916 09511 19196 195507. 99787 -093
99459 09360 19809 19681 7. 99980 -093
99650 09916 19940 09430 7. 99164 - 093 · «ᾖ

99818 09095 19519 094677. 99349 -093
99966 0,8007 19664 09453 7. 99519 -093
99103 09969 19683 09911 99676 -093
99939 ’ 09963 19579 09688 99834 -094
99381 09006 19395 09019 99986 -094

99537 09081 19990 19449 99134 .-0,04
99708 09173 19393 19413 99976 -094
99896 09967 19469 19098 99414 -094
99097 09346 09995 19573 99547 -094
99306 09397 09961 19879 99677 -094

99517 ’09410 09930 19037 99803 ..κ-094
99793 09378 097397. 19056 99995 -094
99917 0,8301 09473 77 19938 09044 -094

 

