398*

Tabulae X. Soet. IV. α Coronae.

1810 san. 0 15 2’6 38891 -1-27 2’1 4466
Apr. 10 88‚809 45,23
Jul. 19 38,728 45,75
οοι. 27 38,647 46,21
Dec. 66 38,567 46,62

1811 Jan. 0¹15 26 41,129 -1-27 21 33,98
Apr. 10 41,ο50 3435
Jul. 19 4o‚974 34‚65
Oct. 27 40900 34,88
Dec. 66 40, 830 85,04

1812 Jan. 1 15 26 43389 4-27 21 2249
Apr. 10 43,322 22,61
Jul. 19 43,260 2265
oct. 27 43203 2262
Dec. 66 43,151

1813 1 an. 0 15 26 45,7Ο4
Apr. 10 45,657
Jul. 19 45, 616
Oct. 27 45, 582 9, 42
Dec. 66 45, 555 Ι 9, 07

1814 Jan. 0 15 26 48 ,099 4-27 2ο 56, 69
48 ,077 56’ ,3ο
48’ 062 55 ,85
48,055 55,35
48‚o55 · 54,80

1815 Jan. 0 15 26 50,59Ο -1-27 20 42,49
Apr. 10 50,595 41,91
Jul. 19 50‚608 41,28
oct. 27 50,627 40,63
Dec. 66 50,654 39,94

÷87 21 1ο,ο6
9,91
9,7ο

1816 san. 1 15 26 53,181 -1-27 20 27,67
Apr. 10 53,212 2696
Jul. 19 53‚249 26,24
oct. 27 53, 293 25, 51 ,
Dec. 66 53, ’343 24’, 76 ’
p

427 20 12 ,52
11,77
11,Οὸ
10, 30

9,57

55 9‚15
55, 973
56, 035
56,102

1820 san. 1 15 2’7 4’,237 -ι-27 19 2795
Apr. 19 4,315 ·
Jul. 1'9
oct. 27 4,463 ·
Dec. 66 4,534

1821 Jan. Ο 15 27 7,047 -1-27 19 14,24
Apr. 10 7,116 14,Οό
Jul. 19 7‚181 1333
Oct. 27 7,242 13,87
Dec. 66 7,299 13,87

1822 Jan. 0 15 27 9,817 -1-27 19 1,38
Apr. 10 9‚871 1,43
Jul. 19 9,919 1,55
Oct. 27 9,961
Dec. 66 9,998

1823 1811. 0 15 27 12,522
Apr. 10 12,554

’ J ul. 19 12,580
Oct. 27 12, 598 50, 47

Dec. 66 12, 610 50 ,93

1824 Jan. 1 15 27 15,143 «4-27 18 38 ,30
Apr. 10 15,150 38’ 80
Jul. 19 15, 150 39,35
Oct. 27 15,142 3994
Dec. 66 15,127 40,58 ,

4,390

1,73 ’
1,98

-1-27 18 49,41 ,
49,71
50,06

18251166. 0 15 27 17,670 -1-27 18 27,9ο
Apr. 10 17,650 28,56
Jul. 19 17,623 2925
Oct. 27 17, 589 29, 97
Dec. 66 17, 549 80' 71

1826 Jan. Ο 15 27 20 ,099
Ap r. 10 20 ,054
J ul 19 20 ,004
Oct. 27 19 ,948 20 ,25
Dec. 66 19 ,886

1827 1811. 0 15 27 22 ,443
Apr. 10 22 ,378

y 1111.19 22, 309
“’ Oct. 27 22, 237
“ 22,160

-1-27 18 17, 99
18 ,74 ’
19 ,49

2101
-Ῑ-ἷῆε 8529,

Ι2,4 644 “
24, 564

1829 san. 0 15 27 26, 966
26, 884
-26’ 803
26,724
26,647

-ι-27 17 48 2,7

 

