312

Tabulae X. Soet. III. α Virginis.

1790 san. 0 1314 ’9937 - 16 έ 38, 93 1800 san. o 1814 §9856 - 1ὃ έ4ἕ,83 2

Apr. 10 9, 864 38’ 3”1 Apr. 10 39934 46,46
Jul. 19 9, ’794 37, 69 Jul. 19 4o‚016 47,08
Oet. 37 9,718 3796 oct. 37 40,103 - 4791 ’
066. 66 9,636 3699 066. 66 40,193 4893

1791 Jan. 0 13 14 12,806 -,10 3 55,68 1801 Jan. 0 13 1443304 —— 10 7 7,18 .
Apr. 10 12,720 55,Οὸ Apr. 10 43‚396 7‚79
Jul. 19 12,631 54,38 J ul. 19 43‚489 8,38
Oct 27
Dec 66

12‚538 5354 oct. 27 43,583 8,95
12,441. 53,1Ο Dec. 66 43,678 9‚5o

1792¹Jan. 113 14 16,616 - 10 4 1338 1803 166. 0·13 14 46989 -10 73898 ,2
Apr. 10 16,617 11,76 Apr. 10 46‚884 3891 ;
Jul. 19 15‚418 11,16 , Jul. 19 46979 39,40
oct. 37 16919, 10,69 , Oct. 37· 47, 071 39,86
066. 66 16930 10,06 066 66 47, 163 30,38

1793 166. 0 13 14 18,396 - 10 43990 1803 san. 0 13 14 60, 376 - 10 7 4990
116610 18,396 38,78 Ap r. 10 60, 364 49,69
Jul. 19 18,300 3891 Jupl. 19 ῃ 60, ’449 49,94
oct. 37 18,107 3799 ,. 061. 37 60, 630 6093
066. 66 18,017 37,61 066. 66 60’ 607 60,48

1794 Jan. 0 13 14 21,189 — 10 4 46,70 1804 Jan. 1 13 14 53,726 - 10 8 9‚46 ,
Apr. 10 31,101 46,36 Apr. 10 53‚799
Jul. 19 21,019 46,06 ’ Jul. 19 53,866
Oct. 27 2Ο,943 45,83 oct. 27 53,927
Dec. 66 2Ο,873 45,66 Dec. 66 53,981

1796 san. 013 14 34938 -10 6 4,77 1806 Jan. 0 13 14 67,107 - 10 83993
Apr.1o 33973 4,64 Apr. 10 57‚157 99,oe
Jul. 19 . 33914 4,66 ’ Jul. 19 57,198 , 3898 ι
oct. 37 33,864 4,66 oct. 37 67933 38,87
066. 66 33,831 4,69 066. 66 ” 67967 38,70

1796166. 1 13 14 36977 - 10 63393 1806Ῑ16ιι. 0 13 16 0993 - 10 84791
Apr. 10 36940 33,73 Apr. 10 0,413 47,61
Jul. 19 36911 3396 Jul. 19 0,433 47,36
oct. 37 36993 3496 oct. 37 0,434 . · 4794

 

Dec. 66 26,881 24,32 Dec. 66 0,417 46,67

1797 Jan. O 13 14 30,026 — 10 5 43,29 1807 Jan. 0 13 15 3‚564 — 10 9 5, 85
Apr. 10 30‚022 43‚59
Jul. 19 30,026 43‚93
Oct. 27 30,039 44,32
Dec. 66 30‚061 44‚75

1798 166. 0 13 14 33,196 - 10 6 3,66 1808 1661 13 16 6,616 - 10 93393 -
Apr. 10 33933 4,13 p. 6‚569 33,68
Jul. 19 33368 4,63 6,616 3310
Oct. 37 « 33903 · 6,16 6,466 31,60
066. 66 33963 6,71 6 ,386 30, 87

1799 Jan. 0 13 14 36,478 - 10 6 34,68 1809 166. 0 13 16 9, 664 - 10 9 40, 13
Apr. 10 9, 481 39’ 49
Ju1.19 9 ,403 38, 84
oct. 37 9, ’318 38,19
066. 66 9939 37,64

 

