244

Tabulae X Sect.11. α’δενρεητίε.

1770 Jan. O 15 32 58, 073 -ι- 7 9 46, 85 1780'Jap. 1 15 3'3 25 ,779 -ῐ- 7 7 49, 04
Apr. 10 58, 041 47, 60 Apr 10 25, 833 48, 29
Jul. 19 58, 001 48, 36 Ju1.19 ’25, 892 47, 56
Oct. 27 57, 954 49,12 Oct. 27 25,957 46,84
Dec. 66 57,900 49,89 Dec. 66 26, 027. 46, 13

1771 Jan. 015 33 .0,864 ÷ 7 937‚67 1781 Jan 015 33 98, 949 -1- 7 734, 43
¹ . Apr. 10 0‚805 38,43
Jul. 19 0,740 39,17
oct. 97 0,669 3990
Dec. 66 0,599 40,60

1772 Jan. 1 15 33 3,564 -ι- 7 928,41- 1782

’178313ῃό153335447 ÷ 7 7 349

oct. 27
Dec. 66

8,808 -ι- 7 9 849 17841143 1153338711 4- 7 653‚58
Apr. 10 38,793 ·
Jul. 19 38,871
oct. 97 38945
Dec. 66 39,016

1775 Jan. 0153311‚430 -ι- 7 857,99 1785 Jan. 015 3341‚94o ÷ 7 641,55
p . 11‚349 ‚ Apr. 10 49,007 ,

. 11,973 , Jul. 19 42,069 ‚ ,

v . 11903 , oct. 97 49194 , .

11,137 , Dee. 66 49,173

1776 Jan. 1 15 33 14,104 ÷ 7 845 ,06 17861811. O 15 33 45,104 -Ι- 7 630, 42
Apr. 10 45, 149 30, 78,
Ju1.19 45,· 186 31 2,0
Oct. 27 45 ,216 31,67
Dec. 66 45, 239 32, 20

1777 Jan. 0 15 33 16, 865 -ί- 7 831,98 1787111110 15 33 48,179 -1- 7 620,11

P · ³ , Apr. 10 48, 196 20,67

’ , , J ul 19 48, 204 21, 28
· 2 , Oct. 27 48,205 21, 92

· 2 , Dec.66 48‚197 22,60

1778 1311.0 15 33 19, 725 -1- 7 8 18,11 1788 Jan. 1 15 33 51,147 -ff- 7 6 10‚46
ῖςγρικῖ 10 51,134 11,17

Jul. 19 51,119 11,89
oct 97 51, 089 19,63

1779

 

