396

Tabulae X. Sect. IV. 2α Librae.

1810 san. 0 1¹4 40 26223 -1ἓ 14 3724 1820 san. 1 14 40 56286 -1ἓ 172020
Apr. 10 23232 3622 p . 56285 2029
Jul. 19 23‚533 3624 56,184 21,14
066 27 23231 35,70 56282 2123
Dec. 66 23227 3520 56284 2127

1811 Jan. Ο 14 40 26,662 -15 14 5o‚76 1821 Jan. 0 14 40 59,652 -15 17 37,14
Apr. 10 26,557 50,30 Apr. 10 59,751 37‚44
Jul. 19 26,452 49,89 Jul. 19 59,848 37‚69
Oct. 27 26,349 49,55 . Oct. 27 v ’ 59,942 87,δὸ
Dec. 66 26,246 49,26 Dec. 66 41 0,034 38,01

1812166 1144029280 -1515 4,75 1822 Jan. 01441 3205 -1517 5324
Apr. 10 29,478 420 Apr. 10 3295 53,43
Jul. 19 29281 422 . Jul. 19 3,479 53,45
066 27 29288 421 oct. 27 3258 53,41
Dec. 66 29,199 4,17 Dec. 66 3232 5320

1813 Jan. O 14 40 32,528 -15 15 19,57 1823 Jan. 0 14 41 6,909 -15 18 8,71
Apr. 10 19,57 Apr. 10 6‚979 · 8,57
Jul. 19 19‚64 Jul. 19 7‚o41 8‚36
Oct. 27 19,78 oct. 27 7,096 8,Ο9
Dec. 66 19‚98 7‚144 7,76

1814 Jan. 0 14 40 35248 -15 15 3520 1824 san. 1 14 41 10‚430 -15 18 2324
Apr. 10 3525 p . , 2228
Jul. 19 3525 . , 22,46
oct. 27 3621 . , 2129
Dec. 66 3623 . , 21,47

1815 Jan. 0 14 40 38272 -15 15 5127 -15 18 3721
Apr. 10 38,644 5223 p . ‚ 36,46
Jul. 19 - 38226 5223 . , 3527
oct. 27 38217 5327 . , 3525
Dec. 66 38217 5326 . , 3429

1816 Jan. 1 14 4041,916 -15 16 9,14 1826 Jan. 0 14 41 17,130 -15 18 50,17
Apr. 10 41,923 9,75 p . ‚ 49‚5o
Jul. 19 41,939 1Ο,39 . , , , ,
Oct. 27 41,964 11,Οό . , ,
Dec. 66 41,998 11,73 . , ,

1817 Jan. 0 14 40 45286 -15 16 2629 1827 Jan. o 14 41 20293 -15 19 227
“ Apr. 10 45226 2728

Jul. 19 45274 2828

oct. 27 45,429 2828

Dec. 66 45,492 29,68

1818 san. 0 14 40 48,771 —15 16 4423 1828 Jan. 1 14 41 23244 -15 19 15,71
Apr. 10 48238 4523 Apr. 10 23259 1522
Jul. 19 48211 4621 Jul. 19 23,169 1426
oct. 27 48290 -» 4627 066 27 23275 13,73
Dec. 66 49275 4722 Dec. 66 22276

1819 Jan. 0 14 40 52247 -15 17 229 1829 san. o 14 41 26212 -15 19 2828
Apr. 10 52‚435 322 p . ‚ 28‚11
Jul. 19 52227 321 . , 2729
066 27 52221 4,47
Dec. 66 52718 429

 

