511
Tabulae X. sect. V. α Andromedae.

1840 1840 ζῗζοξξ) ’ A. R. mea. ned. mea.

&JV-v x‘xf--bae Μ w

san. o -63199 -13‚6 4 έζ36 - 8,2 43 42 1830 23 5’9 363059 4- 2315 5”,650
10 -0334 -13,2 4- 7,41 -103 43 42 1831 59 393846 9 25356
20 -0, 462 -12, 2 -1- 6 20— 13, 1 43 43 1832 59 43, 0635 945362
30 -0 ’577 -,106 4 4’ 80- 14’7 4.2 43 1833 5946‚1426 10 5368
Febr 9 -0, ’674 - 8, ’5 4- 3, ’26- 15, 8 42 43 1834 59 49’ 2218 10 25373
1835 59 523013 10 45,179
19 -o ,746 - 5,7 4- 1, 65 -16,2 41 43 1836 59 55, 3809 11 5,085
Μαιω -0,787- 23 4 0,03- 15’ ,8 41 43 1837 59 58,4607 1124390
11 -0‚ 791 -1- 1,7 - 1, 50 -14, o 43 1838 0 0 13407 1144,896
21 -ο ,7544- 6,ο - 2,88-12’ 0 4-2 1839 0 43208 12 4301
31 -0, 672 410, 5 - 4,-03 10, -1 42 18 1 o 7,7010 12 24,707
1841 0 1ο,7815 12 44,612
-1 42 1842 0133622 13 4318
2ο -ο, 370 419, 6 - 5, ’42 - -2 41 1843 0 169430 13 24,423
30 -0, 153 423, 7 - 5, 57 4 -2 41 1844 0203240 , 13 44328
Maj. 10 40,104 427,4 - 5’34 -1- -2 0 1845 0231052 14 4,234
2ο 40, 395 430, 4 - 4, 71 4 8 ’3 -3 0 1846 026,1866 14 24339
1847 029,2682 14 44344
30 4ο, 711 432, 6 - 3, 69 412, ο -3 -1 1848 0323499 15 3,949
Jun. 9 41,ο46 434,0 - 232 4153 -3 -1 1849 035,4318 15 23354
19 41390 434,4 4 0,63 4183 -2 -2 1850 0383138 15 43,759

29 ÷1,733 -1-33,9 4 1,33 420,8 -2 -2

Jul. 9 42, 067 432, 5 4 3,52 422,7 -2 -2

Apr. 10 -o,544 415,1 - 4, 89 - 7,
3
4’

6
7
1
0
,4
,4
,3

19 42, 383 -Ι-30,4 -1- 5, 87 -1-24,0 -2 -3 Diei reducto addendum est:
23333333 ἷὲἷιζῗ ’4133333333 1} Ξ3

Aug 18 -’1-’-’3, 156 -1-20, 4 -1-13, 33 -1-24, 7 Ο -3
28 -ι-3,340 416,3 415,77 423,9 o -3

Sept. 7 43, 482 412,2 418,11 422,7 41 -3
17 43, 583 4 8,1 420,31 4211 42 -2
27 48,6444 4,3 422,33 419,2 42 -2
Oct. 7÷3, 6684 ο,7 424,14 4169 43 -2
17 43,657- 2,6 425,71 414,5 43 -1

2743316- 5,4 427,034.11,8 44- 1
Nov. 6÷3‚549- 7,8 428,(Υ74 8‚9 44

26435-53 11,4
Dec. 643,233 -12’5

16 43,103 -133

26 42, 967 -13, 7
36 42, 830- 13, 5

111 menss. Jan. et Febr. 'annorum bissextorum legitur dies insequens.

 

