77

    
   
         
         

Tabula vln.
1810.

 

Log. A Log. B Log. 0 Log. D Log. τ

        

 

            

 

99960 09570 09094 η 19999 - 00 4
10 9,1964 09534 09069 η 19790 8,4362 4
20 99730 09471 09724 η 19426 89373 4 092
30 99322 09389 19813 n 1,1878 89134 4 092

99785 09299 1,1569 n 1‚1094 9‚o383 4 0‚02

9,4150 09215 19093 n 09970 99352 ,
Mart. 1 9,4444 09149 19438 η 09267 99144 4 092
11 9,4690 09110 19632 η 09185 99813 4 092
21 9,4910 09107 19690 ‚2 99787 n 99393 4 092
31 99120 09139 19619 η 09629 η 99905 4 0‚01

Apr. 10 99335 09203 19415 η 09447 η 9,4362 4 091
20 99564 09292 19068 η 19047 n 9,4776 4 091

30 99812 09395 1,1556 η 1,1113 η 99154 4 091

Maj. 10 9,6078 0‚9500 1‚0835 n 1‚1862 η 99502 4 091
99358 09598 09823 π 19391 η 99824

99645 09679 09339 n 19751 η 99123 ÷ ,
sun. 9 99932 09736 09870 n 19969 n 99404 4 091
19 9,7211 09766 99054 η 19061 n 99667 4 091
29 9,7475 09766 09567 19033 n 99915 4 0‚01
Jul. 9 99719 09733 09233 19882 n 9,7150 4 091

          

 

             

    
          
        
         
             

        

 

        
         
           
         
          
  
          
           

  

19 99938 09684 09116 19600 n 9,7373 -ι- 091
29 99132 09611 19838 19168 η 9,7585 -ι- 091
Aug· 13 339 9333 993 3939 933 3931
28 9ζ8565 οζ9360 19239 ’ ’ ’

0943111 99164 -ι-091

         

 

          

   

99670 09300 19519 09468 η 99342 , .

17 99762 09266 19664 09456 n 99512 -1- 091

27 99849 09266 19682 09908 99676 090

oct. 7 99936 09299 19572 09688 99834 090

99029 09363 19324 09019 99986 090

     

                       
      
               

27 99131 09449 1,1920 19442 99134 090
Nov. 6 99246 09547 19323 1,1414 99276 090
16 99374 09645 19468 19098 99414 090
26 99514 09732 09224 19574 99547 090
nec. 6 99662 09798 09258 19880 99677 090
16 99813 09835 09222 19037 99803 090
26 99962 09840 09753, 19056 99925 090

  

36 09105 09813 094775 19937 09044 090

       

 

