48⁰

  

Tabulae-x. sect. Vss α’ Coronae.

               
         
                 
                 
         
         
       
          
               
           
     
         

 

 

 

 

   

 

   

 

 

 

 

 

 

 

 

 

 

 

 

'1830 san. ο 132'7 29209 -1-2717 3725 184οῘ11111 ’1 13 27 5523316 4271517239 ·
· Apr. 10 29233 3722 ΙΑρτ. 1ο 55201 1729 1
1111. 19 29,061 3722 1111. 19 Ι55260 1726 ‚
001. 27 28293 3725 . 08127 55,515 1720 r
Dec. 66 28230 38,οι Dec. 662 - 55,564 ¹ 1720
1831111111. 0152731287 427172525 18411111. 0152758285-1-2715 4,94“
Apr. 10 31227 2556 1111120 58231 5,09 : .
1111. 19 31272 2550 1111. 19 58,171 520
. 01127 31223 2537 oct. 27 , 58205 5,57
1111866 , 31280 , 2526 ς 1111866 58232 5,91 g
1832111111. 115 27 33231 4271712251 1842 11111. 0115 28 0‚760 -1-2714 5327 ,
Apr. 10 33292 1254 Apr. 101 0‚783 ‚ .53‚75 .:
1111. 1 33260 1223 1111. 19 0,799 5429 .-
06127 33236 1126 001. 27 0,808 54,68 ÷
Dec. 66 33,720 ’ 1l‚42 Dec. 65 0‚809 5532
183371210. 0¹152736‚262 -1-27165923 1843111111. 011528 3246 -1-27144222
Apr. 10 36250 58,66 Apr. 10 3243 4320
1111. 19 36245 5824 1111. 19 3232 4321
061127 - 36248 5726 06127 3215 4426
118866 36259 5624 0111166 3290 4525 -

 

 

 

 

 

 

18341811. 0152738291 -1-271644,71 18441111. 11528 52361427 143220
'Apa 10 38207 44,06 11111810] 5206 “ 3321
1111. 19 38‚829 . 4339 1111. 19, 5,770 ,3323
oet. 27 38259 4229 0111. 271 5,727 34281
11811661 38295 4127 11111166] 5,677 3524 ·

 

 

 

 

 

 

  
    
    
   
     
          
      
      

1835 san. 0152741218 -1-27162927 18451111. 01528 8231 -1-27142227
Apr. 10¹ 41259 29,04 Apr. 10 .8‚179 2323 ,
1111. 19 41,505 2830 1111. 19 8220 2429
oct. 27 41,556 27,55 oet. 27 8,057 2524
Dec. 66 41213 2620 Dec. 66 7,988 25‚78

 

*-

 

 

 

 

 

 

 

„ 18 611111. 1 15 27 44230 -1-27161422 1846 san. 015 2810248 -1-27141323
Apr. 10 44290 1328 Apr. 1οέ 10276 1326

1111. 19 44254 1325 1111. 19 10202 14,56

oct. 27 44222 1224 oct. 27 10225 1524

Dec. 66 44,393 11,75 116266 10246 1527
1837'Jan. 015 27 46206 -1-2715 59,5 1847 Jan. 015 2812210 -1-2714 325
Apr. 10 46279 5827 Apr. 10 12‚729 3,86

Jul. 19 47254 5823 1111. 19 12,648 422

oct. 27 47230 57,64 oct. 27 12,567 423

011866 47208 57,08 011866 12285 528

 

 

1838 san. 0 15 27 49,719 -1-27 15 4423 ffisan. 1³15 28 15249 -1-27 13 5224

 

 

 

    

   

   

        

   

11111. 10 49,797 4420 Apr. 10 5325
sul. 19 49275 4323 5320
oct. 27 49252 4320 5328
Dec. 66 50,028 4323 5420
1839 Jan. 0 15 27 52239 -1-27 15 3022 1849 san. 0 15 28 17202 1-1-27 13 41,64
Apr. 10 52‚614 3029 Apr. 10 17231 41,81
1111. 19 52286 3022 1111. 19 17265 4121
Oct. 27 52755 2922 001. 27 17204 4124
Dec. 66 62‚822 29,78 Dec. 66 17,o47 41,89

 

 

 

 

 

 

