Tabulae X, Sect. Π.

...22 2’1 5882
55,79
5520

1770 Jan. Ο
Apr. 10
Jul. 19
Oct. 27 16,381 54,59
Dec. 66 16,34Ο 53,95

1771 Jan. 0 1 54 19,701 -1-22 22 11,63

ἰ· 5’4 18448
16,485
18,418

1772 Jan. 1 1 54 22,832
Apr. 10 22,755
Ju1.19 22,671
oct. 27 22, 582 24, 68
Dec 66 22, ’487 28, 98

1773 Jan. O 1 5425 ,866 -1-222241, 66
Ap r. 10 25 ,768 41,03
Jupl. 19 25, 667 40, 43
oct. 27 25, 463 39, 86
Dec. 66 25, 457 39, 33

1774 Jan. Ο 1 54 28, 838 -ξ-22 22 56, 96
Ap r. 10 28 ,731
Jupl. 19 28 ,625
Oct. 27 28, 519
Dec. 66 28, 414

1775 Jan. 0 1 54 31,795
Apr. 10 31,692
Jul. 19 31,593
Oct. 27 31,498
Dec. 66 31,407

1776 Jan. 1 1 54 34,783
34,697
34,617
34,544 29,32
34,476 29,41

1777 Jan. 0 1 54 37,844 -ξ-22 23 46,83

Ἶι22 22 2865
25,97
2529

-ι-22 28 12,81
12,50
1224
12,04
11,91

-4-22 23 29,40
29,31

177812211. 0 1 5441‚01o

÷2224 5,οὸ
Apr. 10 5‚43
Jul. 19 4Ο,962 5,83
Oct. 27 4Ο,953 6,28

Dec. 66 40,953 6,78
1779 J an. Ο 1 4 44,299 -1-22 24 24,Οό

4Ο,981

29,28 “

α Arietis.

÷Qffssffi
44‚19
44‚82
45,47
46,14

Ι
1780 Jan. 1 '1 54 47,714
47,754
47,802
47,858
47,922Ι

1781 Jan. 0
Apr. 10
Jul. 19
Oct. 27 51,471
Dec. 66 51,557

1782 Jan. 0 1 54 54,875 422 25 28,19
Ξὲῑὲἓέ
55,154
55253

51ζ816
51890

1785 Jan. Ο 1 55 5,996 -1-22 26 20,49

1 55 9,655
9,727
9,791

1786 Jan. O
Apr. 10
JuL 19
Oct. 27 9,848
Dec. 66 9,897

1787 Jan. 0 1 5513,230
13,273
13,307
13,332

÷wffiae,m
, 8822
88,12

87,95

87,78

-1-22 26 55,24

1789 Jan. 0 1 55 20, 029 -1-22 27 27,00

 

