313
' Tabulae X. sect. III. α Virginis.

l 8 0 0 1 8 0 0 ζζὲοὲ) A. R. med. Decl. med.

san. o -6'‚198¹÷35‚4 4 2”,16-20,1 -3 42 1790 1’3 14 920804 - 15 έ3’έ;,190
10 4213654321 4 0,18 -2ο,4 -3 42 1791 14 122224 355262

20 40,464ξ431,9 4. 1,92 -2ο,2 -3 42 1792 14153645 414333

30 4037414293 - 3,90 -19,2 -3 42 1793 14125067 432402
361129 41,06ο·427,1 - 5,76 -17,3 —2 ÷2 1794 14 21‚6491 452‚470
1795 14 227916 5 11,535

19 41315 4229 - 7,45 -15,9 -2 42 1796 14 27,9342 5 3ο,600
Mart. 1 ÷1‚537 42ο,4 ..3,94 -133 -2 42 ,1797 14 31,0769 5 49,663
11 41,722 416,7 -10,21 -11,5 -1 42 1798 14 342197 6 2725

21 41,371 4122 -11,24- 9,2 ο 42 1799 14 373626 627,735

31 41336 4 9,9 -1205 - '⁴7‚0 o 41 1300 14 4ο,5057 6 46343

· 1301 14 436433 7 5,900

Apr. 10 42063 4. 6,7 -12,64 - 4,9 41 41 1302 14 467921 7 24355
20 42120 4 3,3 -13,03- 3,0 41 41 1303 14 429355 742009

30 42144 4 1,2 -13,24- 1,3 42 41 1304 14 520790 3 3,061
Maj.1o 42144- 1,1 -13,29 4. 42 o 1305 14 562225 322112
20 42122.- 3,1 -13,20 14 593662 8 41,161

15 25100 9 ο,209

3 0 1303 15 5,6539 9 19,255
3 o 1829 15 3,7979 ,932300
Ξ -1 1310 15 113422Ι 9 57343

30 ...2,082- 4,9 -13‚oo
Jun. 9 42024— 6,6 -12,69
19 ÷1‚95o- 3,0 -1229
29 42364- 9,2 ..1232
Jul. 9 ÷1,766-10‚2 -11,29

1¹„

4
3-1

Diei reducto addendum est:

ἓξὲξ } oct. 13 {

19 41,66ο,-10,8 -1ο,71
29 41,5501-11,1 -10,ο9
Aug·1{÷}’3}{[}3’3 “ ξ’ἓὲ
28 ἶ1ζ239- 3ζ7 Ξ 3ζ26

0000
1,1.

3-1

0,2
1,5
25
3,6
4,4
5,0
5,6
6,0 ψ
6,3
6,3
6,ο
5,5
4,6
3,3

44 ÷÷÷÷÷ ÷÷÷÷÷ 4

44 44444 44444 4
‘f'

Sept. 7 41,161- 6,4 - 7‚75
17 41,107- 3,9 - 7,34 2-1
27 4-1,084- 0,5 - 7,09,-[- 1,6 41 ο
Oct. 7 41,098 4. 3,5 - 2021- 0,5 41 0
17 41,153 4 7,3 - 7,13ἰ.- 29 0 0
27 41254 4125 - 7,60- 5,6 041
Nov. 6 41,402 417,2 - 8,29“-, 3,3 -1 41
16 41,597 421,6 - 9,26 -11,1 -1 42
26 41334 425,6 -’1ο,51 -13,3 -1 42
Dec. 6 42109 ÷29,0 —1202 -16‚2 -2 43

16 42413 431,4 -13,75 -13,2 -2 43

26 42737 4329 -15,65 -19,5 -2-43
36 43,ο71 4324 -17,65 -2ο,3 -2 44

111 mensa. Jan. et Febr. annorum bissextorum legitur dies insequens.

 

