452

Tabulae X. Sect. V. β Tauri.

1830 san. ο 11112911 4-2‘5'52'7 {3226 1840 Jan. 1 '5'161'1296 ÷208243 2‘219
Apr. 10 39,845 828 p. 11,4ο4 1,99
Jul, 19 32729 8,38 11,6ο7 1,72
011. 27 32616 8,66 1 1,6ο6 1,.38
Dec. 66 82,506 8,81 11‚7OO ¹ 0‚98

1831⁸Jam o 616 36,328 -1-28 271238 18411111. o 61616,466 428 28 4,72
Apr. 10 36222 1268 p . 15,546
Jul. 19 36,122 13,ο6 , 16,628
011. 27 36,ο28 13,49 16, 703 ’
011. 66 36,941 13,99 16 ,771

18321111. 1 6 16 39,766 -1-28 2717,47 1842111110 616 19, 636 1-28 28
Apr. 10 39,674 18,ο2 Apr. 10 19' ,699
Jul. 19 39,6ο1 > 18,61 Jul. 19 19, ’661
011. 27 39,638 1926 011. 27 19,694
Dec. 66 39,483 19,96 01166 19,726

1833111. 0 616 43286 -1-2827 2336 18431111. 0 61623604 -1-,28 28 ,
Apr. 10 43238 24,08 Apr. 10 v
Jul. 19 43,201 24,83 Jul. 19
011. 27 43,174 26,61 011. 27
Dec. 66 43,168 26,41 ¹ Dec. 66

1834Jan. ο 616 46,948 -1-28 27 29,78 18441111. 1 6 16 27338 -1-28 28
Apr. 10 46,939 3ο,69 , Apr. 10 27,324
Jul. 19 46,941 ¹31‚41 Jul. 19 27,3οο
011. 27 46,963 3222 011. 27 27,266
011. 66 46,976 33,ο4 011. 66 27,222

1835 Jan. Ο 5 15 50,754 -ι-28 27 36,4o‘ 1845!Jan. Ο 5 16 31,025 -1-2828 8, 69
Apr. 10 30,974 7 ,91
Jul. 19 3o,913 7,17
Oct. 27 30,843 6, 46
Dec. 66 30,763 5,79

1836 Jan. 1 5 15 54,696 ÷28 27 42,88 1846 Jan. Ο 5 16 34,578 -1-28 28 9,58 .
Apr. 10 , 43,60 Apr. 10 34,494 8,94
J ul. 19 ‚ ‘⁸ 4427 Jul. 19 34,402 8,36
oct, 27 - , 44,9o Oct. 27 34,3o4 7‚84
Dec. 66 , 45,49 Dec. 66 34,198 7,37

1837 san. o 5 15 58,757 -1-28 27 48,92 18476111. 0 6 16 38,ο22 -1-28 28 11,09
Apr. 10 58,849 49,47 Apr. 1ο ’37,913 ,
Jul. 19 68,946 49,96 Jul. 19 ’37,801 > ¹ ‚
011. 27 69,ο46 6ο,39 011. 27 37, 686 ,
011. 66, 69,162 6ο,76 “Dea 66 37’ 668 ,

1838111. ο 616 2,9ο3 -1-28 276426 4211281346
Apr. 10 3,ο12 6468 p. , , 13,31
sul, 19 3,122 6483
011. 27 3,236 66,ο1

 

Dec. 66 3,348 55,12

1839 Jan. 0 6 16 7,ο97 -1-28 27 68,71 1849 Jan. ο 6 16 44,748 ῐ-1-28 28 16,86
Apr. 10 7,211 58,77 p . 44,633
Jul. 19 7,324 58,76 . 44,521
Oct. 27 7,436 58,68 . 44,414
Dec. 66 7,546 58,53 . 4431

 

