148

1750 Jan. Ο
Apr. 10
Jul. 19
Oct. 27
Dec. 66

1751 Jan. o! 915 21394
Apr. 10 21333
Jul. 19 21364
001. 27 21336
08366 21300

1752 Jan. 1 9 15 24,862

Apr. 10
Jul. 19
Oct. 27
Dec. 66

1753 an. O 9 15 27,624 - 736 12,34
Apr. 10 , ,
Jul 19
Oct 27
Dec 66

1754 Jan. 0 9 15 30,301 - 7 36 27,09 1764 Jan. 1
Apr· 10 30,216 26,84 Apr. 10
Jul. 19 3Ο,128 26,53 Jul. 19
Oct. 27 30,038 26,16 061127
Dec. 66 29,945 25,73 Dec. 66

1755
Apr. 10
Jul. 19
oct. 27
Dec. 66

9 15 19¹, 013

Tabulae X. Soet. I. α Hydrae.

- 7 35 23, 07
23’ 63
24, 25
24,73

19, 033
19, ’045
19343
19343

- 7 35 4030
4036
4135
41,40
4133

-’ 7 35 5633
5632
57,10
5731
5735

24321
24,772
24317
24354

12 34
12,27
12,13

27 557
27,435
.27,407

27324 1132

Jan. 0 9 15 32325 - 7 36 4033

1756 Jan. 1 9 15 35 ,533 - 736 54,13

Apr. 10
Ju1.19
Oct. 27
Dec. 66

1757 Jan. 0
Apr. 10
¹ J ul. 19
oct. 27
Dec. 66

1758 Jan. 0
Apr. 10
Jul. 19
Oct. 27
Dec. 66

Jan. 0
Apr. 10
Jul. 19
oct. 27
Dec. 66

1759

35, ’443
35, ’356
35ζ373
35,194

9 15 33,163
33392

53’ 50
52, 35
52,17
51,46

- 737 630
633
536
434
332

- 7 37 19,26
1335
’1735
17 ,17
16’ 52

— 7 37 3134
31, 20
3ο’ 61
3035
2934

33322
37357
37399

9 15 40366
40313
40,767
40, 729
40, 693

9 15 43, 656
43, 631
43, 614
43,606
43,606

2537 ·

1760 Jan. 1
Apr. 10
Jul. 19
Oct. 27
Dec. 66

1761 Jan. Ο
Apr. 10
Jul. 19
oct. 27
Dec. 66

1762 Jan. Ο
Apr. 10
Jul. 19

Oct. 27 ·

Dec. 66

1763 Jan. 0
Apr. 10
Jul. 19
Oct. 27
Dec. 66Ι

9 1546, 554 - 73744, 32
46, 560
46’ 573
46395
46325

9 15 49363
49393
49340 ’
49339
49345

9 15 52374
52,734
52,799
52369 1234
52345 1233

9 15 55367 - 7 33 2334
55345 2332
56326 23,46
56,110 23,75
56397 29,10

9 15 59,116 - 7 33 44,10
59304 . 44,49
59392 4433
59, 331 45, 41
59, 470

- 7 37 53,42
53,14
5732
57,76
5737

- 7 33 1231
1236
12,77

45, 94

1765Jan. 0 916 2,388 -— 739 0,88
Ap r. 10 2, 477 1,44
Jupl. 19 2, 563 2 ,03
oct. 27 2, 647 2 65
Dec. 66 2, 728 3, 30

1766 Jan. Ο
Ap r. 10
Jupl. 19
Oct. 27
Dec. 66

1767 Jan. Ο
Apr. 10
J ul. 19
oct. 27
Dec. 66

1768 Jan. 1
Apr. 10
Jul. 19
Oct. 27
Dec. 66

1769 Jan. 0
Apr. 10
Jul. 19
Oct. 27
Dec. 66

9 16 5, 650 -— 739 18,20
18, 87
19, 56
20, 25
20, 96

- 7 39 3535
3636,
3736
3735
3334

- 7 39 5334.
5431
5435
55,46
5635

- 7 40 1039
1135
1236
1232
1233

5, 729
5, 804
5, 874
5,940

9 16 3367
3329
3335
9334
9376

9 16 12, 011
12, 049
12, 078
12, 100
12,113

9 1615353
15366
15366
15357
15340

 

