5³7

Tabula XIII.

Reductio observationum Lunae.

Arg. == Log. [ρ Sin. π Cos. (φ’- d’)] Arg. === Δα
Arg. Lug-A Arg. Log, B

*ov—vm *cv-‘m

9,99957 ‚ 999691 , 31'0 091261
999951 , 999684 2ο 091303
999945 , 999677 30 091344
999939 , 999669 40 091385
999931 , 999662 50 091427
999923 , 999654 6 0 091468
999913 , 999646
999903 , 999637
999891 , 999629
999877 , 999620
999862 , 999611
999846 999602
999842 999593
999838 999583
999834 999574
999831 999564
999827
999823
999819
999814
999810
999806
999801
999796
999792
999787
999782
999777
999771
999766
999761
999755
999749
999744
999738
999731
7ζ81 ἓξὲξ
7,82 999712
793 999705
794 999699
795 999691

10 Ο,01510
20 0,01551
30 0,01593
40 0,01634
50 0,01676
7 0 Ο,01718
10 Ο,01760
20 Ο,01801
30 0,01843
40 0,01885
50 0,01927
· 8 0 0,01969
10 Ο,02011
20 Ο,02053
30 0,02095

gmgmmmmoemoeoeqoeqq

μ
μ

999553
999543
999532
999521
999510
999498
999487
999475
999462
999450
999437
ἢ999424
999410
999396
999382
999368
999353
999338
999322
999306
999290
999273
999256
999239
999221
999202

μιν-ὴν·-
μιν-κο

ἳ

2
7,58
7,59
7,60
7,61
7,62
7,63
7,64
7,65
7,66
7,67
7,68

oomxlQmmxzmmmmmmmmmmhmmfflssmhfflffioosstha>

zazzzaaaffizzsszzaassasstssss:

 

35

