260

Tabulae X.v Sect. II. 1a' Capricorni.
Ἶιιῃ. 0 2¹5 4'5'4‚109 -1312 406 1780 Jan. 1 20 525505 -131032,40
p .

54,ο70 , ’ Apr. 10 25,567 32,81
54024 , Jul. 19 25,636 33,15
53,969 , oct. 27 25,711 33,43

53,905 , Dec. 66 25,792 33,65 ⁴

-13 11 51,83 1781 Jan. o 20 5 29,101 -13 10 23,16
51,46 Apr. 10 29,186 2333

J ul. 19 29,274 23,44

Oct. 27 29366 23,47

Dec. 66 29,462 23,44

17821156 ο 20 532766 -13 1013,04 ,
32364· 12,96
32963 12,81
33063 12,6ο
33,164 12,32

1773 san. 0 20 5 3298 -13 1129,97 1783 san. 0 20 536,467 -13 10 1,99
Apr. 10 3,194 30,13 Apr. 10 36,567 1,67

Jul. 19 3,089 3036 Jul. 19 ὑ 36666 1,29
Oct. 27 2,984 30,65 oct. 27 36763 0,86
2,879 31,02 Dec. 66 36,858 0,36

6,251 -131120,50 1784 Jan. 1 20 540163 -13 950,10
6,147 2ο,91 Apr. 10 40,956 49,57
6,046 2138 Jul. 19 40,344 49,οο
5,948 21,91 051. 27 40,428 4838
5,854 2249 05666 40,507 47,72

1775 Jan. 0 20 5 9,222 -13 11 11,89 1785 san. 0Ι 20 5 43,817 —13 937,51
9,131 12,50 Aps. 10 43‚893 36,83
9,ο46 13,16 Jul. 19 43,961 36,12
8,967 13,85 οοι. 27 44022 35,39
8,894 14,57 Dec. 66 44, 077 3463

1776 Jan. 1 20 5 12,254 -13 11 3,93 1786 Jan. Ο 20 547, 396 -13 924,45
Apr. 10 12,187 4,67 p . 47, 445 23,68
Jul. 19 12,128 5,43 47, 486 22,92
oct. 27 12,Ο77 6 ,20 47, 518 22,15
Dec 66

12,034 6 ,99 . 47, 541 21,38

1777 Jan. 0 20 5 15,384 -13 10 56, 32 1787Ῑ--Ἧζ O 20 5 50, 870 -13 911,19
Apr. 10 15‚347 57,10 Ap r. 10 50, 888 10,43

Jul. 19 15,32Ο 57,ὃὸ J ul 19 50, 896 9‚69
Oct. 27 15, 302 58, 64 Oct. 27 50, 894 8, 98
'Dea 66 15 2,94 59 ,39 Dec. 66 50, 883 8 ,28

1778116601 20 5 18 ,633 -13 10 48, 74 1788 Jan. 1 20 5 54, 224 -13 8 58, 06
· Apr. 10 18, 631 49, 47 Ap r. 10 54, 207 57, 39
Jul. 19 18 ,639 50,17 Jupl. 19 54, 180 56, 76

Oct. 27 18,656 50, 84 Oct. 27 54, 144 56, 17
00066Ι 18,682 ’ 51,47 Dec. 66 54 ,099 55, 63

1779 Jan 0 20 5 22009 -13 10 40 ,85 1789 san. 0 20 5 57 451 Ι-13 8 45, 36
Apr- 10 ‚ Apr.10 57, 400 44, 85
Jul· 19 , “, , Jul. 19 57 341 44,41
Oct· 2⁷ ‚ , Oct. 27 57274 44, ’03
Dec-66 , , mec. 66 57‚2oo 43,71

 

