T a b ula 1 V. continuata.

Long. A. R. 0b1.Ecl. Long. A. R. 0b1.Ecl.

mm Μανῆ-’ψ

1766 166. 0 4- ἓί,οο 4-ὀζ489 2ῗ8 28 1’8,18 1775 san. 0 - ἕ,76 -ὅ,418 28 2’7 5’7’,91
Apr. 10 4. 9,80 40569 17,60 Apr. 10 - 8,18 -0,500 58,17
161. 19 4-10,52 40648 16,98 161. 19- 9,.51 0,582 58,48
061. 27 4-11,66 40,718 16,82 061. 27 -10‚77 -o‚659 58‚85
066. 66 4-12,71 40,778 15,59 Dec. 66 -11‚94 -0‚780 59,81

1767 166. 0 4-12,86 4-0,756 28 28 15,84 1776 166. 1 -11,55 -0,706 28 27 59,15
Apr. 10 ÷13‚34 4-0,816 15,ο9 116110 -12,64 -0,778 59,68
161. 19 4-14,21 4-0,869 14,29 161. 19 -18,62 -0,888 28 0,15
061. 27 4-14,97 4-0,915 18,45 061. 27 -14,47 -0,885 0,78
Dec. 66 4-15,60 4-0,954 12,57 116666 -15,21 -0,980 1,85

1768 166. 1 4-15,40 4-0,942 28 28 12,88 1777 166. 0 -14‚97 -0‚916 28 28 1,18
Apr. 10 4-15,95 40975 11,98 Apr. 10 —15,61 -ο,955 1,77
161. 19 4-16,86 4-1,000 11,ο6 161. 19 -16,12 -0,986 2,48
061. 27 4-16,64 4-1,017 10,18 061. 27 -16‚48 -1‚008 8,11
Dec. 66 4-16,77 4-1,026 9,17 Dec. 66 -16,71 -1,022 8,81

1769 166. 0 4-16,74 4-1,024 28 28 9,50 1778 166. 0¹-16‚65¹-1‚o18 28 28 8,57

Apr.1o ÷16‚79 4-1,026 8,55 Apr. 10 -16,78 -1,026 4,28
161. 19 4-16,69 4-1,020 7,6ο 161. 19 -16‚76 -1,025 4,98
061. 27 4-16,44 4-1,005 6,65 061. 27 -16,61 -1,015 5,67
Dec. 66 4-16,05 4-0,982 5,72 Dec. 66 —16,31 -o‚997 6,86
1770 san. 0 4-16,20 4-0,991 28 28 6,04 1779 san. 0 -16,48 -1,005 28 28 6,18
- Apr. 10 4-15,72 40961 5,12 p -16,04 -0,9,81 6,8ο
161. 19 4-15,11 40924 4,28 -15,52 -0,949 7,45
oct. 27 4-14,86 4-0,878 8,87 -14,87 -0,9o9 8‚o7
Dec. 66 4-18,48 4-0,825 2,55 -14,09 -0,862 8,66

1771 san. 0 4-18,80 4-0,844 28 28 2,82 1780 166. 1 -14,87 -0,879 28 28 8,46
Apr. 10 4-12,84 4-0,785 2,08 Apr. 10 -18,52 -0,827 9,ο2
161. 19 4-11,78 4-0,720 1,80 161. 19 -12,57 -0‚769 9,58
061. 27 4-10,60 40648 ο,62 061. 27 -11,51 -0,704 9,99
Dec. 66 4- 9,82 4-0,570 27 59,99 Dec. 66 -10,85 -0,688 10,41

1772 Jan. 1 -1- 9,77 -1-0,598 2328 0‚20 1781 san. 0 -10,76 -0,658 28 28 1ο,27
Apr. 10 4- 8‚44 ÷0‚516 2⁷ 59‚61 Apr.1o - 9,54 -o‚584 10‚64
Jul. 19 -1- 7,Οὸ ÷0‚431 59‚10 161. 19 - 8,26 -0,505 1ο,95
061. 27 -1- 5,58 ÷0‚341 68‚66 061. 27 - 6,91 -0,428 11,19
Dec. 66 4- 4,ο5 40248 58,30 1166. 66 - 5,5o -0‚336 11,87

1773 J an. ο -1- 4,58 ÷0‚280 23 2⁷ 58,41 1782 166. 0 - 5,99 -0,866 28 28 11,82
Apr. 10 4- 8,03 -1-ο,186 58,1ο Apr. 10 - 4,55 -0,278 11,45
161. 19 ÷ 1‚47 ÷0‚090 57‚86 161. 19 —- 8,08 -0,189 11,51
Oct. 27 - ο,11 —0‚007 5⁷‚70 061. 27 - 1,59 -0,097 11,50
Dec. 66 - 1,70,-ο,104 57,62 Dec. 66 - 0,07 -0,004 11,42

1774 166. olj 1,16 -0,071 28 27 57,64 1788 san. 0 - 0,59 -0,086 28 28 11,45
Ἀρι. 10 - 8,74-0,167 57‚61 Apr. 10 4- 0,92 4.0,056 11,82
161. 19 - 4,28 -0262 57,66 161. 19 4- 2,42 40148 11,11

Oct. 27 —-· 5‚79 -o‚354 57‚79 Oct. 27 -ξ- 3‚90 ÷o‚238 10‚83

Dec. 66 67,99 Dec-66 4· 5,37 ÷o,328 10‚48

 

