508

Tabulae X. Sect. V. α Pegasi.

Jan. Ο
Apr. 10
Jul. 19
Oct. 27
Dec.66

1831 Jan. 0
Apr. 10
Jul. 19
oct. 27 2Ο,290 48,4Ο
Dec. 66 2Ο,215 47,81

Jan. 1²22 56 23‚221 Ι-ι- 14 18 , 7,28
Apr. 10 23‚15o 6‚71
Jul. 19 23,085 6,18
oct. 27 28027 5,69
Dec. 66 22976 5,28

1833 Jan. Ο 22 56 25,974 4- 14 18 24,65
Apr. 10 25,927 24,22
Jul. 19 25,889 23,84
Oct. 27 25,ὃό9 23,51
Dec. 66 25,838 23,23

1884 Jan. 0 22 56 28826 -1-14 18 4259
28810 4285
28802 4216
28808 4208
28,818 41,95

22 56 81,790 ÷14 19 1,25
81805 1,21
81,828 1,28
81,859 1,81
81,898 1,44

22 56 84866 ÷ 14 19 20,67
84910 20,84
84960 21,07
85,017 2184
85080 21,67

2256 88040 ÷ 14 19 40,83
88,107 41,18
88179
88255
88886

÷ 14 17 8886
8272
8208
81,44
80,78

—

÷ 14 17 50,2
49,68
49,01

22 533 17908
17,808
17,714
17,622
17,581

22 56 20,548
20454
20,870

1830

1832

Apr. 10
Jul. 19
Oct. 27
Dec. 66

Jan. O
Apr. 10
Jul. 19
Oct. 27
Dec.66

Jan. 1
Apr. 10
Jul. 19
oct. 27
Dec. 66

J an. O
Apr. 10
Jul. 19
Oct. 27
Dec. 66

1835

{53}

3533

42,02
4250

2,65
8,20
8,78

1839 Jan. 0 22 56 44,588 -1-14 20 22,87

41‚58 ¹

1840 Jan. 1
Apr. 10
J ul·. 19
Oct. 27

Dec. 66

1841 Jan. Ο
Apr. 10
Jul. 19
oct. 27
Dec. 66

J an. Ο
Apr. 10
J ul. 19
Oct. 27
Dec. 661

1843 J an. Ο
Apr. 10
Jul. 19 57,634
Oct. 27 57,647
Dec. 66 57,652

1844 Jan. 1 22 57 Ο,633
Ο,632
0,622
o‚604
0‚577

1845 Jan. 0¹2257 8569

Ι n
22 56 47,899
47,988
48078
48,156
48285

22 56 51,191
51258
51889
51,405
51,466

22 56 54,428
54,485
54,584
54,576
54,611

22 56 57588
57,618

1842

‘fiebam 022 57 6,894

1847 22 57 9,124
9,ο42
8,957
8,868

8‚775

22 57 11,789
11,695
11,6ο1

J an. 1
Apr. 10
J ul. 19
Oct. 27 1 1,5o7
Dec. 66 11,412

1849 J an. Ο 22 57 14,426
14,382
14,240
14,152
14,066

-ι- 14 20 4487,

-ι- 14 21 5,9o
6,48
7,o4
7‚57
8,09

4. 14 21 27,2ο
27,69
28,18
2858
28,89

-ι- 14 21 48,06
48,89
48,66
48,88
49‚o5

÷1422 8,29
8,42
8,49
8,50
8,45

4. 14 22 27,76

-ι- 14 22 46‚44

÷1423 4,87
8,90
8,89
284
226

÷ 14 28 21,75
21,15
20,58
19,9o
19,25

-ι- 14 23 38,76
38,11
37,46
36,82
36,19

 

