220

Tabulae X. Seet. H. α G'emmorum.

1770!Jan. o ’7191571208 43222 ’9,46 1780 san. 1 92636748 -1-32211627

Apr. 10 54‚460 8,78 Apr. 10 30‚823 11‚19 ι

J ul. 19 54,402 &15 Jul. 19 30,906 11‚66
Oct. 27 54‚334 . 7‚57 Oct. 27 3o‚995 1206
Dec. 66 54‚257 ² 7,Οὸ Dec. 66 §1992 1241

1771166. 0 719 58233 43222 027 17811166. 0 72034208 -1-3221 522
116610 58250 21 59,77 Apr. 10 35208 522
Jul. 19 - 57‚959 5924 · 161. 19 35213 525
Oct. 27 57261 5828 oct. 27 35222 621
066. 66 57,756 5828 06666 35234 6,1ο

1772166. 1 720 1242 -1-32215124 1782166. o* 72039,145 -1-32205929
Apr. 10 1,533 51,59 p 39260 59,13
161. 19 1,420 51,42 39275 59,11
Oct. 27 1203 5122 39291 5921
06666 1,183 5120 39208 5824

1773166. 0 720 5273 -1-3221 4426 1783166. 0 72043217 -1-3220 5121
. 116610 4251 4429 Apr. 10 43233 5129
161. 19 4229 4420 161, 19 43‚647 51‚41
oct. 27 4,707 4428 061. 27 ‚ 43,758 5127
4,586 4424 06666 48267 50,66

1774166. 0 720 8276 -1-32 213720 1784 san. 1 720 47280 4-32 204320
Apr. 10 8256 3821 · Apr. 10 47,786 4325
161. 19 8240 3828 161. 19 47286 4224
oct. 27 8ὶ128 3922 oct. 27 47281 4228
066. 66 8220 3923 06666 48270 4127

1775 166. 0‘ 7 2ο 11204 -132 21 32,4ο 1785 166. 0 7 20 51289 ’.ι-32 2ο 3428
Apr. 10 11200 3225 p 51,974 3424
161. 19 11,7o4 3324 52250 3326
061. 27 11215 34,19 52,118 3225
06666 11234 3428 52,178 32,10

1776166. 14 72015209 -1-3221 2729 1786166. 0 72056207 -1-32202524
Apr. 10 15234 28,41 Apr. 10 56260 24,58
161. 19 15268 29,15 161. 19 56,1ο4 2320
oct. 27 15218 2922 Oct. 27 56237 2321

Dec. 66 15‚167 3072 Dec. 66 56‚160 2220 =

 

1777Jan. 0 72019230 Ἶ632212329 1787166. 01721 0201 -1-32201526
116610 18291 2429 116610 , 0,017 1425
161. 19 - 18264 2529 161. 19 0222 1326
oct. 27 18247 2520 066. 27 0216 1327
066. 66 18242 26,71 . 06666 20 59299 1220

Dec. 66 22‚864 2251 Dec. 66 ’ 2‚74

1778166. o 72022,791 432211927 1788166. 1 721 3254 -1-3220 524
Apr. 10 22,793 2027. A pr. 10 3229 4,79 ·
161. 19 22206 2124 161. 19 3,794 427
Oct. 27 22230 21,79 066. 27 ’ 3,749 329

Apr. 10 26,742 1620

Apr. 10 7‚498 55‚31
Jul. 19 26‚793 16‚65

161. 19 7,426 54,75
oct. 27 7245 5425
06666 7255 5320

061. 27 , 26254 1726
066. 66 26224 1723

1779166. 0 72026701 -1-32211520 ἠὼ. 0 721 7260 -1-32 19 5522

 

