235

Tabulae X. Sect. ΙΙ. »α Virginis.

l 7 8 0 l 7 8 0 ζίἷίοᾷο Α. B.. med. Decl. med.

*m *m m Μ Μ

Jan. 01— -6', 191 4334 4 3” ,13,-303 43143 1770 13 1'3 636344 9'5'7 14, 435
1⁰¹ 4ο, 143 433, 1 4 0’03 -,30 5 43 43 177 ¹ 13 9, 4033 57 33, ’533
30140, 470 4,.31 9 - 1 9’6 430, 1 43 43 1773 13 13, 5431 57 53, 633
3ο 4ο, 7301439, 3 4 3, ’94 4’19 3 43143 1773 13 153331 53 11 733

Febr 9 41, 065 437, 0 4 5, 30 4,17 3 43 43 1774 13 133333 53 30336

1775 13 31,9634 53 49,933
19 41319 4333 4 7, 494 15 ,9 ·43 43 1776 13 35,1ο37 59 9,ο13

Mart 1 41, 540 430, 3 - 3, 93 4,13 3 43 43 1777 13 333443 59 33113
11 41, 734 416, 6 4,10 34- 11, ’5 41 43 1773 13 313343 59 47304
31 41, 373 413,1 411, ’37 4 9’ 3 0 43 1779 13 343355 410 ο 6395
31 41, 936 4 9, 7 413, ’03 4 7, ο 0 41 1730 13 373663 035334

1731 13 403073 ο 44,473

Apr 10 ,43 066 4 6, 6 413, 66 4 4, 9 41 41 1733 13 433433 1 3353
3οἲ 43,117 4 3’ 3 4,13 ’05 41 41 1733 13 47,0393 133643
30143, 141 4 13 41335 4 41 1734 13 503305 1 41,735

Maj 10 43, 140 4 1 ,3 413, ’30 13 533719 3 ο,3ο6
30 43, 113 4 3, 3 41331 13 563134 3 19336

Ι 13 59,6550 3 33364
3ο 43, 076 4 5,1 413, ,9ἓ

14 2‚7967 258‚o41
Jun. 9-1-2,017- 6,6’ -12,6

14 5,9385 3 17,116
19 -1-1, 944 - 8, O -‚12 28 14 9,0804 3 36,19Ο
29 -1-1, 857 - 9, 3 -11‚ 8

sul, 941759 4103 -‚11’2{

Diei reducto* addendum est:

3225 } oct.12 ξ ‡ ὲ

19 41,653 -10,3 410 ,69
39 41,543 411,0 140 ’07
’33 z ἐξ,

33413344 3,6 4 3’3

11444 ÷ssf÷÷ 44444 4411

 

Ν)

000ῠῷ

Sept. 7-1-1,157— 6,5 — 7,7
17-1-1,1Ο4- 3,8 - 7,3
27-1-1,082- Ο,4 —- 7,Ο

Oct. 7-4-1096-2- 3,6 - 7.,μο
17-1-1,153-ῑ- 8,o — 7,19

10oe

16 41, ’599 431, 7 4 9’ ,4391 113 41 43
36 41, 337 435, 7 4,10 56 -ζ13 9 41 43
Dee. 6 43,113 439,ο 413 07 4163 „2 43

16 ÷2, 417 431, 5 4133141313 -2 -1-3

36 ,43, 741 433, 9 415’ 71 4,19 6 43 43
36ἱ43, 075,433, ,4 -1,7 ’73 430, ’4 43 44

¹

In menss. Jan. et Febr. annorum bissextorum legitur dies insequens.

 

