144

Tabulae X. Sect. Ι. α Canis m'inoris.

1750 Jan. 0 72613377 -ι- 35'0 4'‹'›‚74 1760 san. 1 726 42461 ÷ ἓ4’91”9,92
Apr.1o 13390 3934 . Apr. 10 42‚475 2036
Jul. 19 13395 39,16 sul. 19 42,498 2136
Oct. 27 13390 38,40 066 27 42330 , 2232
36666 13376 3736 · 36666 42370 2234

1751 san. 0 72616332 ÷ 55029,46 1761 Jan. o 72645,7o5 -ι- 5491335
Apr. 10 16312 28,73 Apr. 10 45,750 1434
Jul. 19 16,184 2835 Jul. 19 45303 1537
oct. 27 16,146 27,41 · Oct. 27 45362 1534
36666 16,100 2632 36666 45329 1536

1752 Jan. 1 726Ι 19367 -ι- 5501837 1762 Jan. 0 72649356 -ι- 549 734
Apr. 10 19315 1830 Apr. 10 49,127 7,71
sul. 19 19,156 17‚5o Jul. 19 49302 4832
Oct. 27 19390 1736 066. 27 49383 836
36666 19316 1639 36666 49368 8,44

1753 Jan. o 726 22192 -ι- 550 835 1763 san. 0 726 52389 ,ι- 5485939
Apr. 10 52377 49 032
Jul. 19 52367 038
061. 27 52,760 036
366. 66 52356 48 5938

1754366. 0 72625332 ÷ 5495934 1764166. 1 72655373 -ι- 548 51,51
Apr. 1ο 24337 › 5838 Apr. 10 56369 5138
sul. 19 24339 5839 Jul. 19 56,165 , ·51,18
066 27 24340 5939 066. 27 56360 5031
36666 24339 5936 36666 56355 5038

1755 san. ο 7 26 27323 ÷ 5 49 50,73 1765 Jan. o 7 26 59,473 -ι- 5 48 4230
Apr. 10 27,722 5035
Jul. 19 27322 5134
oct. 27 27323 5130
36666 27,426 5233

726 30,608 -ι- 5 49 43‚41 1766 Jan. 0 727 2,953 -1- 5 48 32,02
Apr. 10 31,43
Jul. 19 30,81
Oct. 27 30,14
Dec. 66 29,43

1757366 o 72633‚432 -ι- 5493635 1767366. 0 727 6376 ÷ 548 21,16
3732 Apr. 10 6‚437 20‚43
3832 Jul. 19 6,490 1938
3936 oct. 27 6336 1831
3933 36666 6,575 « 18,11

1758 san. 0 72636332 ÷ 549 3139 1768 san. 727 9,712 -ι- 548 937
Apr. 10 36381 3138
Ju1.19 36338 - 3237
oct. 27 36304 33,47
36666 36179 3438 .

1759 Jan. o 72639337 ,ι- 5492533 1769 Jan. 0 72712340 ÷ 547 5834
Apr. 10 39318 2634 Apr. 10 12341 5736
Jul. 19 39308 27,13 Jul. 19 12332 5631
066 27 39307 2730 oct. 27 12315 56,19
36666 39315 2836 36666 12388 55,49

 

