264

. Tabulae Χ. Sect. II. α Cygni.

1770 san. 0 2831336619 -ι-4ἳ1 23 9,oe 1780 Jan. 1 2ss 3'3 5'‘5‚489 ÷44 3'0 ’0,63
Αρι, 10 36,632 9,63 Apr. 10 55,495 0,36
Jul. 19 36,638 10,03 Jul. 19 55,5o8 0,10
oet. 27 36,637 10,46 001. 27 55,527 29 59,9o

Dec. 66 36‚63O 10,79 Ι])60. 66ἰ 55, 553 59, 77

1771 Jan. 0 20 33 33,673 -ι-44 23 23,14 1731 san. o 20 33 57, 584 444 30 12, 23
33,661 23,43 Apr. 10 57} 613 12’ 19
38‚643 23,64 sul. 19 57} 648 12,17
33,613 23,79 Oct. 27 57,637 12,22
33,536 23,36 Dec. 66 57,732 12,33

1772 J an 1 20 33 4Ο,637 -1-44 28 36,3O 1782 J an. O 20 33 59,757 -1-44 30 24,76
Apr. 10 40,6Ο2 36,33 Apr. 10 59,8o5 24,91
Ju1.19 4Ο,561 36,29 Jul. 19 59,857 25,13
Oct 27 40, 514 36,17 Oct. 27 59,913 25,41
Dec. 66 40, 462 35, 98 Dec. 66 59, 973 25, 76

- 1773 Jan 0 20 33 42, 520 ÷44 28 48, 51 1733 Jan 0 20 34 1, 993 -ι-44 30 33,11
Ap ι. 10 42, ’464 48, 23 Apr. 10 2’055
Jul. 19 42, 405 47’ ,93 sul. 19 2,119
oct 27 42 ,342 47, 62 “ 008. 27 ¹⁹ 2,185 ‚
Dec. 66

42, 276 47, 19 Dec. 66 2, 254

1774 san. 0 20 33 44 ,339 ÷44 28 59, 79 1784 Jan. 1 20 34 4 ,271 -ι-44 30 52 ,25
Apr.1o 44’ 270 59, 32 p 4’ 340 52’ 32
Ju1.19 44, 200 53, 31 4, 410 53,42
Oct 27 44,129 53, ’24 . 4,430 54,ο6
Dec. 66 44,056 57,62 . ,4,550 54,74

1775 san. 0 20 33 46,121 ÷44 29 10,29 1785 san. 0 20 34 6,567 ÷44 31 6,99
Apr. 10 46,o48 9,64 Apr. 10 6,636 7,69
sul. 19 45,975 8,97 Jul. 19 6,704 8,4o
oct. 27 45,9o4 8,26 Oct. 27 6,769 9,13
Dec. 66 45,834 Ι 7,53 Dec. 66 6,833 9,87

1776 san. 1 2ο 33 47,397 -1-44 29 20,24 1736 Jan. o 20 34 8,852 ÷44 31 22,10
Apr. 10 47,828 19,49 Apr. 10 3,914 f 2235 ,
sul. 19 47,762 18‚74 Jul. 19 8,972 23‚59
oct. 27 47,699 17,99 oct. 27 9,o27 24,33
Dec. 66 47,639 17,23 Dec. 66 9,o77 - 25,06

1777 san. 0 20 33 49,693 -1-44 29 29,94 1787 Jan. o 20 34 11 101 444 31 37,30
Apr. 10 49‚641 29,19 Apr. 10 11,149 33,02
Jul. 19 49,589 28,45 Jul. 19 11‚191 38,72
oct. 27 49‚542 27,73 Oct. 27 11‚227 39,38
Dec. 66 49,499 27,03 Dec. 66 11,253 40,ο1

1778 J an. 0 20 33 51,552 -ι-44 29 39,73 1788 Jan. 1 20 34 13,289 444 31 5229
Apr. 10 51,513 39,05 Apr.10 13,316
Jul. 19 51,481 38,40 Jul. 19 13,337
Oct. 27 51,454 ’37,80 Oct. 27 13,351
Dec. 66 51, 433 37, 24 Dec. 66 13, 359

9
1779 Jan. o 20 33 53, 479 ÷44 29 49, 89 1789 Jan. 0 2ο 34 15, 398 ÷44 32 6, 77
Ap ιι 10 53, 462 49, 36 Apr.1o 15, 400 ,
Jul. 19 53’ 452 48' ,33 Jul. 19 15 ’396 ,
oct. 27 53443 43’ ,46 ont. 27 15,387 ‚
nec. 66 53,45o 48,10 Dec. 66 15,371 ,

 

 

