54

Tabula VIII.
1787.

Log. A Log. B Log. C Log. D Log. τ Ε

ΜΜΜᾙΜᾙ

95177 99575 η 95100 π 1,9998
95630 99631 n 98071 n 1,9790
96017 99813 n 99796 η 1,9495
96343 03069 η 13814 n 1,1877
96615 93319 η 1,1570 η 1,1093

96849 03534 η 1,9094 η 99969
97035 03669 η 1,9438 η 98965
97903 93699 n 1,9639 η 95183
97357 03605 η 1,9690 η 99815 η
97506 03374 n 1,9619 η 95699 η

97658 99996 η 1,9415 η 98446 n
97890 99459 η 1,9068 π 1,0047 ⁷.
97994 91753 η 1,1556 η 1,1113 η
98180 90869 η 13836 η 1,1861 η
98377 99805 η 99894 n 1,9390 η

98581 985806 98341 η 1,9751 n
98787 97967 η 95874 n 1,9969 η
98990 96059 η 99076 n 13061 η
99185 95969 η 93559 13033 η
99368 95188 η 97930 1,9889 ⁷2

99536 95770 n 99114 1,9601 π
99687 96666 η 13337 1,9169 η
99890 97571 ⁷. 1,1194 1‚1551 ‚2
9,9936 98399 η 1,1808 13683 a
90037 98845 η 1,9939 99433 η

90196 99103 η 1,9519 97470 n
90906 99058 π 1,9664 93459 n
90989 98645 n 1,9689 90905
90357 97794 η 1,9579 96688
90437 95991 η 1,9394 99090

90593 915067. 1,1919 1,0443
90619 91363 1,1399 1,1414
90794 96939 1,0467 1,9099
90838 98359 99999 1,9574
90958 99581 97955 1,9880

91081 90998 03914 13038
91903 90659 90768 n 13056
91390 90737 96481 η 1,9937

 

