286

Tabulae X. Sect. ΠΙ. α Tauri.

1790 Jan. 0 22¹3 54183 ÷ 1⁰6 '4 1680 1800 san. 0 224 28881 -ι- 1⁰6 ’54448
Apr. 10 54‚111 15,07 Apr. 10 26,968 45,07
Jul. 19 54083 1439 Jul. 19 27,ο58 45,60
oct. 27 58948 1875 oct. 27 27,153 4808
088. 66 58857 1815 08866 27,251 46,50

1791 san. 0 423 57,314 -ι- 16 42434 1801 Jan. 0 42438645 -ι- 16 55432
Apr. 10 57,219 20,78 Apr. 10 30‚745 54,69
Jul. 19 57,121 2828 Jul. 19 30,846 5802
oct. 27 57,ο19 1884 » oct. 27 38949 55,27
088 66 56‚913 19,46 088. 66 31‚o52 55,45

1792 san. 1 424 0375 -ι- 16 427,57 1802 san. 0 424 34445 ÷ 16 6 3‚34
Apr. 10 0,267 27,24 Apr. 10 34548 848
Jul. 19 o‚16o 26‚98 Jul. 19 34649 3,55
Oct. 27 ο,052 2880 088 27 34748 3,55
08866 23 58945 2869 088. 66 34846 848

1793 Jan. o 424 3,407 ÷ 16 43470 1803 san. of& 38241 ÷ 16 61445
Ἀρι. 1ο 3‚500 3464 Apr. 10 > 38336 1433
Jul. 19 3‚197 ι 3466 Jul. 19 38427 11,14

oct. 27 8097 3475 088 27 38,513 10,88
08866 8001 3492 088. 66 38594 10,56

17941188 0 424 8459 ÷ 16 44883 18041388 1 424 44995 -ι- 16 61861
Apr. 10 6‚366 4805 Apr. 10 48072 1824
Jul. 19 8279 4834 Jul. 19 42,142 17,82
Oct. 27 6,199 4870 oct. 27 48305 17,33
08866 6,125 4412 08866 48261 16,79

1795Ῐ180. Ο 424 9‚575 -Ι- 16 45134 18051811. Ο 424 45,671 ÷ 16 62431
Apr. 10 9‚506 5241 Apr. 10 45,721
Jul. 19 9‚446 5233 Jul. 19 45‚763
Oct. 27 9‚495 53‚50 oct. 27 45‚796
Dec. 66 9352 54‚13 Dec. 66 45,820

1796 Jan. 1Ι 42412792 -ι- 16 5 489 1806ξ18η. 01 424 48240 -ι- 16 63842
Apr. 1οῙ 12,755 2,55 Apr. 10 49‚258 2874
Jul. 19 12,728 824 Jul. 19 49‚266 2802
oct. 27 12,710 896 oct. 27 48264 28 26

{1306664 12,702 472 Ι088. 66 48252 27ζ45

1797 Jan. 0 42418130 -ι- 16 5 1843 1807088 ο 424 52,685 -ι- 16 63864
Apr. 10 16,129 1820 Apr. 10
Jul. 19 16,137 1898 Jul. 19
oct. 27 16,155 1477 oct. 27
088. 66 16,182 15,56 1088 66

1798 san. 0 42419,598 ÷ 16 52825 1808088 1 424 58999 ÷ 16 64o,63

Apr. 10 19,632 2404 Apr. 10 · 58946 3885
Jul. 19 19,674 2482 Jul. 19 55,885 39,oe
oct. 27 19,724 25,59 oct. 27 55,816 3837
08866 19,782 2834 08866 55,739 37,67

1799 Jan. 0 424 28189 -ι- 16 53404 1809 san. o* 424 59,193 -ι- 16 64881
Apr. 10 28252 3477 Apr. 10 59‚111 45,14
Jul. 19 23‚322 35,46 Jul. 19 59,024 4452
oct. 27 28399 3812 oct. 27 58931 4896
08866 28482 3874 08866 , 58832 4844

 

