14

   

Tabula VII.

Motus Adscensionis rectae mediae Solis· pro Horis, Imaum et
Secundis et Temporis solaris medii et Temporis
sideralis.

       
      

Horae Minuta ” Minuta Secunda

              

 

     

 

 

 

temporis temporis temporis tempon‘s

med. sid. med. Ι sid. med. sid. ‘ med. sid.
*m Μ *ov—r ψ *ἢκ-ν *oxu—f „xl—r

h Ι ΙΙΙ ΙΙ Ι ΙΙ ΙΙΙ Ι ΙΙ ΙΙ ΙΙ ΙΙ ΙΙ
0 0 0,000 0 Ο,000 4 0, 657 o,655 46 7,557 7,536 20 Ο,055 0,055
1 0 9, 856 0 9,830 5 0, 821 Ο,819 47 7,721 7,700 21 0,057 Ο,057
2 O 19, 713 019‚659 6 O, 986 O‚983 48 7,885 7,864 22 Ο,060 Ο,060
3 029, 569 029,489 7 1,150 1‚147 49 8‚049 8,Ο27 23 Ο,063 Ο,063
4 039 ,426 039,318 8 1 ,3141311 50 8,214 8,191 24 Ο,066 Ο,066
5 049, 282 049,148 9 1, 478 1‚4.74 51 &378 8,355 25 Ο,068 Ο,068
6 059,139 058, 977 10 1, 643 1,638 52ι8,542 8,519 26 Ο,071 Ο,071
’ 7 1 8,995 1 8, 807 11 1, 807 1, 802 53’8,707 8,683 27 Ο,074 Ο,074
8 1 18 ,852 1 18, 636 12 1,971 1,966 54’8,871 8,847 28 0,077 O‚O76
9 128 ,708 1 28, 466 13 2,136 2,130 55 9,035 9,010 29 Ο,079 Ο,079
10 1 38, 565 1 38, 296 14 2,300 2,294 56;9,199 9,174 30 Ο,082 Ο,082
11 1 48, 421 1 48, 125 15 2,464 2,457 57 9,364 9,338 31 Ο,085 Ο,085
12 1 58, 278 1 57, 955 , 16 2,628 2,621 58 9,528 9,502 ⁴, 32 Ο,088 Ο,087
13 2 8, 134 2 7, 784 17 2,793 2,785 59 9,692 9,666 33 Ο,090 Ο,090
14 2 17,991 2 17, 614 18 2,957 2,949 60,9,856 9,830 34 Ο,093 Ο,093
15 227,847 227,443 19 3,121 3,113 35 Ο,096 Ο,096
16 237,704 237,273 20 3,285 3,277 , 36 Ο,099 0,098
17 247,560 247,1Ο3 21 3,450 3,440 Secunda 37 0,101 0,101
18 257,417 256332 22 3,614 3,604 tem oris 38 0,104 0,104
19 3 7,273 3 6‚762 23 3‚778 3‚768 P 39 0,107 0,106
20 3 17,129 3 16,591 24 3,943 3,932 med. sid. 40 0,110 0,109

 

21 326,986 326,421 25 4,1Ο7 4,Ο96 'v‘ ’κ’-5 41 0,112 0,112
22 336,842 336,250 26 4,271 4,259 η u η 42 0,115 0,115
23 346,699 346,080 27 4,435 4,423 1 Ο,003 Ο,003 43 0,118 0,117
24 3 56,555 3 55,9Ο9 28 4,600 4,587 2 0,005 0,005 44 0,120 0,120
25 4 6,412 4 5,739 29 4,764 4,751 3 Ο,008 Ο,008 45 0,123 0,123
26 4 16,268 415‚569 30 4,928 4,915 4 Ο,011 Ο,011 46 0,126 0,126
27 426,125 425398 31 5,093 5,079 5 Ο,014 Ο,014 47 0,129 0,128
28 435,981 435228 32 5,257 5,242 6 Ο,016 Ο,016 48 0,131 0,131
29 445,838 445,057 33 5,421 5,406 7 0,019 0,019 49¹0, 134 0,134

30 455,694 454,887 34 5,585 5‚57o 8 Ο,022 Ο,022 50 Ο, 137 0,137
¹ 35 5,750’5,734 9 Ο,025 Ο,025 51 0,140 0,139

36 5,914 5,898 10 Ο,027 Ο,027 52 0,142 0,142

       

 

        

  
 

        
     
             
         
 

 

   

Min u t a 37 6‚078 6,ο62 11 0,030 0,030 53 0,145 ο, 145
1111311111 1111111111 1311311133
med. sid. 40 6,571 6‚553 14 0,038 0,038 56 0,153 o, 153

        
 

vv- Μ 41 6,785 6,717 15 ο,ο41 ο,ο41 57 0, ’156·ο, 156
1' &2164 b'‚164 ἐξ ξζὲἓὲ ξζὲἓὲ Ῐξ ἓξὲἓξ 8:844ss gg 3:123 332?
2 0329 O‚328 44 7322ss 7,208 18 0,049 0,049 60 0,16440‚164
3 0,493 0‚491 45 7,392 2372 19 0,052 0,052

 

              
 

 

 

