332

Tabulae X. *Secu m. yx Aquilae.

1790166. 0 133'61‘72179 -ι- 1ὃ 65421 1800166 019'3'6 44’,447 -1- 1ἳ) έ ι’)’,71
,343 313 33 343 44:233 32
oct. 27 16,981 5257 066. 27 44375 0,45
06666 12904 5272 06666 44,757 030

1791166. 019 3619‚785 -ι- 10 7 285 1801166. 019 36 47384 -ι- 10 8 269
Apr. 10 19,705 Apr. 10 47‚668
161. 19 19,622 161. 19 47,753
066. 27 19336 . ,066 27 47338
06666 12448 Ᾱ1066 66 47324

1792166. 1 19 36 22333 -1- 10 7 1201 18021166. 0 19 36 50,750 ,ι- 10 8 17,61
Apr. 10 22244 1132 Apr ,1ο 50336 17,95
161. 19 22154 11,57 1161, 19 52921 1836
066. 27 22065 1124 oct. 27 51303 18,82
06666 21,975 10,84 1066 66 51,084 1935

1793166. 0 19 36 24360 -ι- 10 7 19‚17 18031Jan. 0¹19 36 52912 -ι- 10 82739
p 24,772 1273 Apr. 10 52991 2735
24386 1823 161. 19 6 ,- 54,066 2255

24,603 17,67 066. 27 52137 29,19

24324 17,06 1066 66 54203 29,88

ΞΈ4 166. 0¹19 36 27,405 -1- 10 725‚46 180411an. 1 19 36 57,ο37 -ι- 10 8 3737
Apr. 10 27328 2431 Apr. 10 57,101 3258
161. 19 27257 24,13 ism. 19 57,158 3932
066. 27 27,191 2241 1066, 27 57209 4208
066 66 27,131 2266 1066, 66 57254 4036

1795166. 019 36 32005 -ι- 10 731,11 1805166. 01937 0‚095 -ι- 1ο 848,82
Apr. 10 Apr. 10 2136 4261
161. 19 Jul. 19 0‚169 50‚4o
oct. 27 066. 27 0‚195 51‚18
06666 06666 0214 5137

1796166. 1 19 36 32690 ÷ 10 73243 1806166. 0 19 37 3,063 -ι- 10 85294
Apr. 10 32660 3532 146610 3,077 9 0,72
161. 19 32639 3433 161, 19 3,082 1,48
oct. 27 32626 3206 066. 27 3,079 221
06666 32621 3330 06666 ι 3,067 Δ 291

1797 166. 0 19 36 35,477 -ι- 10 741,75 1807166. 0 19 37 5,927 -1- 10 9 10,91
Apr. 10 35,477 41,00 Apr. 10 5,910 11,59
161. 19 35,485 4029 1161. 19 5,886 1223
Oct. 27 35301 3262 , oct. 27 5,853 1281
06666 35325 3298 06666 5,813 1335

1798 166. 0 19 36 38371 -1- 10 74739 1808166. 1 19 37 2683 -ι- 10 921,42
Apr. 10 32401 46,79 Αρι, 10 2637 21,92
161. 19 32437 4624 161. 19 8,585 2235
oct. 27 32480 45,74 oct. 27 , 8,527 2272
06666 32530 4530 06666 2462 2203

1799166. 019 36 41367 -ι- 10 75265 1809166. 0 19 3711339 ÷ 10 931,18
Apr. 10 Apr. 10 11270 31,44
161, 19 161. 19 11,196 3132
oet. 27 066. 27 11,118 31,73
06666 06666 11,036 31,76

 

 

