Tabula VIII.
1814.

Log. Α Log. Β Log. 0 Log. D

wwwwww

9‚4404 r. 03266 03093 η 13999 - 6204
9‚8836n 0‚7121 o‚8068 n 13790 , -034
93226 n 0,6923 037247. 13426 , ,-0,04
93586η 0,6683 13813 η 1,1878 4 -034
93925 n 03418 1,1569η 1,1094 , -034

93249 η 03150 13093 n 0,9971 ‚ - 034
93553 n o‚5906 13438 ι. 03267 , - 034
83814 ,ι 0,5712 13632 η 03186 , —- 035
83973 η 03588 13690 n 93782 η , - 0,05
83920 2. 03544 13619 n 03629 n , - 0,05

83414 ‚- 0,5575 13415 2· 03447 ,ι , - 0,05
33727 η 0,5665 13068 2. 13047 n , - 0,05
63573 2. 03790 1,1556 n 1,1113 π , - 0,05
83999 0,5924 13835 2. 1,1862 η , — 0,05

83317 03042 03823η 138911. , -035

83310 03124 033393 13751 2. ‚ -o‚o5
9,o746 0,6155 0‚5869 „- 13969 π , - 0,05
93857 0,6125 9305οη 13061 22 ‚ --o‚o5
93747 03029 03568 13033 η , -035
93472 0,5855 03234 13882 η , υ-035

9,4067 0,5615 03117 13600 n ‚ , -035
9,4556 03310 13338 13168 ‚1 ‚ - 0,05
9,4958 0,4953 1,1195 1,155οη , - 0,05
93288 0,4563 1,1809 13682 2. , -035
93562 0,4168 13239 03431 2. ‚ - 0,05

93794 03807 13519 03468 η , -005
93996 03520 13664 03455 η ·
93182 03345 13682 03909

93363 - 03299 13572 03688 ,

93551 03377 13324 03019 , - 0,05

93752 03546 1,1920 13442 , -036
93970 03762 1,1323 1,1413 , -o 06
93204 03977 13468 13098

· 93450 0,4149 03224 13574 ,
93703 0,4247 03258 13880 , -035

93955 0,4246 03224 13037 , ..o 05
93198 0,4128 03750,. 13056 ,
93426 03881 03476. 13937 , -035

 

