'418

> Tabulae X. sect. IV. 201 Capricorni.

1810 Jan. 0 2”0 736370 - 13 72632 1320 san. 1 20 ἑ 3539 -13 55137
Apr. 10 30‚467 21, 02 Apr. 10 3690 - 51,09
Jul. 19 30364 21, ’20 Jul. 19 3739 50,76
oct. 27 30359 21, ’44 061. 27 3337 5036
Dec. 66 30,153 21, 7’6 Dec. 66 3934 4931

1311 Jan. 0 20 733523 -- 13 7 11,03 1321 Jan. 0 20 3 7,290 - 13 53346
Apr. 10 33422 11ζ44 , Apr.1o 7,386 3397
Jul. 19 33319 1136 Jul. 19 7,477 3343
061. 27 33219 1235 061. 27 7,565 3734
116366 33121 1239 06666 7,643 3731

181211111. 1 20 7 36,492 -13 7 2,13 18221611. 0 20 8 10,959 -13 526,81
Apr. 10 11,Ο39 26,15

Ju1.19 11,112 25, 47

Oct. 27 11, 178 24, 76

Δ Dec. 66 11 ,239 24, 02

1313 Jan. 0 2ο 733509 - 13 65337 1323 san. 0 20 3 14, 553 - 13 5 13, 65

- p . , , Ap r. 10 14, 614 12’ 90
. , , 161. 19 14’ 661 12,14

. , ³ , 061. 27 14, 700 11, ’37

. , “ , Dec. 66 14, 730 10, 60

18141311. 0 20 742,616 -13 646,03 1824Jan. 1 20 818, 059 -13 5 0,24
Ap r. 10 · 18, 084 459, 47
Ju1.19 18 ,099 58, 72
Oct. 27 18,105 57, 99
Dec. 661 18,102 57,27

1315 Jan. 0 20 745339 - 13 63323 13251166. 0 20 321, 442 -13 446, 33
Apr. 10 -45329 3303 Apr. 10 21, 432 46,18
Jul. 19 45329 39,75 Jul. 19 21, ’413 > 45’ ,53
Oct. 27 45333 4ο,44 Oct. 2 21335 4431

Dec. 66 45,857 41,ss ’ Dec. 661 21,347 44,34

1816416111. 1 20 7 49,188 - 13 6 3o,3o 1826 Jan. Ο 20 8 24, 698 - 13 433,89
Apr. 10 ‚ , Apr. 10 24, 655 33,δό
1111. 19 ‚ , Jul. 19 24, 603 32,87
Oct. 27 , , Oct. 27 24, 542 32,44
Dec. 66 , , Dec. 66 24,474 32,Οὸ

1817 Jan. Ο 20 7 52,660 -- 13 6 21,79 1827 Jan. 0¹ 20 8 27,835 - 13 4 21,56
Apr. 10 52,716 22,24 Apr. 10 , 21,ae
Jul. 19 52,779 22,63 Jul. 19 , 20‚98
Oct. 27 52,849 22,96 oct. 27 , 20,80
Dec. 66 52,925 23,22 Dec. 66 , 20,69

1313066. 0 20 756337 - 13 6 12,54 13231166. 1 20 330374 - 13 410,03
Apr. 10 56,317 12,76 Apr. 10 , 10,02
Jul. 19 56,402 1231 Jul. 19 ‚ 1ο,ο3
Oct. 27 56,491 1239 061. 27 , 10,13
Dec. 66 56, 535 13, 01 Dec. 66 , 1⁰,28

1319 san. 0 20 759, 392 - 13 6 2,41 1329 san 0 2ο 333343 - 13 35357
Apr. 10 59’ 933 2’ 33 11111310 33743
Jul. 19 8 0’035 2,29 ..10119 33633
Oct. 27 οζ134 2,12 ,,061 27 33534
Dec. 66 0335 139 mec. 661 33430

 

