250

Tabulae! X. Sect. II. α Ophiuchus

1770 186. 0 17 2’4 fimo ÷1221l4 8288 1780 186. 1 17 2’4 422101 -1-12 44 225

Apr. 10 Apr. 10 43‚149 43 59,52
Jul. 19 Jul. 19 ⁴ · 4.⁵3‚203 58,83
Oct. 27 Oct. 27 ’43,263 58,19
Dec. 66 Dec. 66 43,328 57‚59

1771186. 0172412655 -1-12448787 1781186. 0172442081 -1-12485250
Apr. 10 12601 8259 Apr. 10 42149 5294
Jul. 19 12541 8226 Jul. 19 42221 5248
oct. 27 12475 8288 oct. 27 42296 5299
,, 088. 66 12404 4245 Dec. 66 42874 5260

————————-——-——————-————-

1772 186. 1 17 24 22208 212 44 8295 1782 186. 017 24 42128 -1-12 48 4245
Apr. 10 22129 87,48 Apr. 10 42208 4210
Jul. 19 22051 87,95 Jul. 19 42285· 4288
081. 27 22970 8285 Oct. 27 42867 4268
088. 66 22885 8268 088. 66 42451 4250
1778ῑ186. 0 17 24 22689 -1- 12 44 8227 1788 186. 0 17 24 52198 -ι- 12 48 4226
Apr. 1ο 22608 8255 Apr. 10 52288 4218
161. 19 22516 8276 Jul. 19 52866 4217
Oct. 27 22429 8289 081. 27 ” 52447 4228
088. 66 22842 8294 088. 66 52526 4286

1774 186. 0 17 24 22146 -1- 12 44 8262 1784 186. 1 17 24 52275 -ι- 12 48 4204
Apr. 10 27,059 8262 · Apr. 10 52858 4222
Jul. 19 22975 8255 Jul. 19 52428 4247
oct. 27 22898 8289 oct. 27 52499 4279
Dec. 66 22818 8216 088. 66 52567 4218

, 1775 186. 0 17 24 22614 -ι- 12 44 2294 1785 186. ο 17 24 52821· ÷ 12 48 8278
Apr. 10 22587 2266 Apr. 10 52886 , 4221
Jul. 19 22464 2281 Jul. 19 52445 4269
Oct. 27 ’ 22896 27,88 ont. 27 52499 4224
088. 66 22888 2289 088. 66 52547 4284

1776 san. 1 17 24 82129 -1-12442226 17861186. 011725 1,8ο7 -1-12 48 8287
Apr. 10 82071 2278 Apr. 10 1‚352 8201
Jul. 19 82019 2215 Jul. 19 1‚389 8269
oct. 27 82978 2251 · 084. 27 1,418 4240
Dec. 66 82988 2282 088. 66 1,441 4216

1777 186. 0 17 24 82721 -1-12 44 1276 ·1787ῐ186. 0 17 25 2210 ÷ 12 48 87,64
Apr. 10 82687 1204 Apr. 10 2228 8242

· Jul. ·.19 82661 -17,80 Jul. 19 2288 8221
081. 27 82648 · 1258 oct. 27 2240 4202

088. 66 82688 15,78 · 1088. 66 2285 4284

1778 186. o 17 24 87,411 -ι- 12 44 1270 1788 186. 1 17 25 2018 -1- 12 48 8281
Apr. 10 37,406 11,89
161. 19 37‚408 11,ο8
α 87,419 1226
87,487 244

6 2 2
-Ι- 12 44 6,42 1789 Jan. Ο 17 25 9,712 -ὶ- 12 43 87,06
5,61 Apr. 10 9‚673 37‚85
4‚81 Jul. 19 9,627 88,60 ξ
4‚o4 Oct. 27 9,575 39,82
3,29 Dec. 66 2516 110,ῼο

 

