Tabula VIII.
1829.

Log. Α Log. Β Log. 0 Lo·g. D Log. τ Ε

ΜΜΜΜΜΜ

83140 03728 03090 ι. 13999 4 6101
93583 03689 03067 η 13790 , 4 0‚01
9,1600 03623 03723 7. 13426 , 4 031
93352 03539 13812 n 1,1878 , 4 031
93920 03447 1,1569 η 1,1095 , 4 031

93360 03360 13093 n 03972 , , 4 0‚01
9‚3708 03291 13438 π 03268 , 4 0‚01
v.‹.³‚.⁹›997 03248 13632 n 0‚5187 ‚ 4 031
93252 03238 13690 η 93764 n ‚ 4 031
93494 03264 13619 η 03628 n ‚ 4 031

93740 03321 13415 η 03447 n ‚ 030
93001 03402 13068 η 13048 n , 030
93281 03497 1,1556 η 1,1113 .. , 030
93579 03594 13835 n 1,1862 n ‚ 030

93892 03685 03822.. 13391 η , 030

93210 03759 03338 n 13751 η , 030
93526 03810 03867 η 13969 η , 030
93830 03835 93036.. 13061 n ‚ 030
9,7117 03830 03573 13032.. , 030
9,7381 03797 0,7236 13882 .. , 030

9,7617 03739 03118 13600.. , 030
9,7825 03661 13339 13167.. , 030
93004 03572 · 1,1196 1,1550.. , 030
93157 . 03480 1,1809 13681..1 , 0‚00
93287 03396 13240 03430.. , Α 030

93398 03331 13519 03467.. , 030
93497 03292 13664 03453 η , · 030
93589 03286 13683 03911 , 030
93681 03314 13572 03688 - , 0 00
93779 03371 13324 03019 ,

93888 03452 1,1920 13442
93009 03544 1,1323 1,1413
93145 03637 13469 13098
93292 03719 03225 13573
93447 03779 0,7260 13879

93606 03812 03229 13037
ξ93762 03812 03740 ..κ 13056
93912 03780 03474.. 13938 ·

 

