 

 

 

 

Tabulae X. Sect. ΙΙ. α Pegasi.

ante } Mart. 2 ξ ⁰

271

Decl. med.

Μνκνν

53 36, 777
58 55379
59 15,134
59 34337
59 53393
14 0 12300
0 32003
0 51,217
1 10,427
1 29333
1 43351
2 3,065
2 27330
2 46,496
3 5,713
3 24,931
3 44,151
4 3372
4 22594
4 41317

Diei reducto addendum est:

41

1 ⁷ g ο 1 7 8 ο ζῇζοξο A. R. med.
w Μ m
san. ο -ὅ,569 - 9, 4 4 ἔ, 36¹- 10, 6 43 42 1770 2’2 5'3 19” 0331 413 53 1'7, 576
10 -0,656- 3’3 4 2,23-11,3 42 42 1771 ¹ 5322’ 0664
2ο-0,725 - 5, 9 4 1,ο 01 -’124 42 42 1772 53 25,ο447
30 -0,773 - 3, 6 - ο,25 -123 4-2 42 1773 53 233231
&bhsv-0596 - 0,9 - 1, 5ὀ- 12,2 41 42 1774 53 31‚oo16
1775 53 333301
19ι-ο,791 4- 2,1- 2, 68 -11,1 41 42 1776 53 36,9587
Mart. 1 -o‚755 4 5, 4- 3, 71 - 9,4 0 42 1777 53 393373
11 -06344 8‚9 - 4⁹55- 71 -1 41 1773 53429160
21 -ο, 578 412, 5 - 5 13 - 44 -1 41 1779 53 453946
31-0, '434 4163 - 542- 13 -1 411730 53433734
1731 53 513522
Apr 1ο -ο ,253 419, 9- 5, 33 4- 2,2 -2 0 1732 53 543311
201-0, 037 423, 2- 4, 98 4 5,7 -2 0 1733 53 573100
3οἷ40, 211 426,2 - 434 4 9,2 -2 o 1784 54 ο,7391
Ma· 10 40, 437 423, 7 - 3,15 4125 -3 -1 1735 54 3,7631
1’ζ2()·4ο 785 430, 5 - 1, 74 ÷15,5 -3 —1 1736 54 6,7472
ζ 1737 54 9,7263
30 41, 097 431, 6 - 0, 05 413, 1 -3 -1 1733 54 127055
Ju„ 9141, 416 4313 4- 1, ’37 420, 2 -3 -1 1739 54 153343
19ῑ41, 733 431, 2 4 3, ’93 421, 7 -2 -2 1790 54 18,6641
29142, 040 429, 3 4 6’ 21 4223 -2 -2
.1ιι1.9 42, 329 427, 6 4 3, ’50 423,0 -2 -2
19 42, 592 4243 41030 4223 -2- 1
29 42,-4324 213 413, 06 4221 -1-1
Aug 843, 013 4174 41532 4203 -1-1
13.43,172 413,-9» 41724 4193 ο-1 post
28 ÷3‚284‡ 9,1 419,Οὸ 417,5 0-1
Sept. 7443554 4 5‚o ÷20‚73 415,4 41 0
17 43,383 4 1‚o 422,15 413,Ο 41 Ο
27 43,374 - 2,6 423,33 410, 6 42 Ο
Oct. 7 43,332 - 5,6 424,27 4. 8 2 42 41
17143262 - 8‚1 ÷24‚96 4 5, 7 43 41
‚ 27‹÷3‚17o -,1ΟΟ 425,414 3,3 43 42
Nov. 643,-062 11,4 425, 61 4 ο,8 43 ÷2
1642943 -ζ121 42537- 1’6 43 42
26 42,820-12,3 425,29 - 3,9 44 43
Dec, 642,698 -12,0 424,80- 6,Ο 4443

3ςὲ
36”

ι

42,-530 114 42410-30 44
42,471-10’3 423,,21-97 43
42375-394221611143

43
43
43

 

In mens& Jan. et Febr. annorum bissextorum legitur dies insequens.

