. 1774 Jan. Ο 20 529,851

262

Tabulae X. Sect. ΙΙ. 2α Capricorni.

-13 14’ 2234
2276
2224
2137
2236

-13 14 11‚08
1031
1241

2¹6 512691

1770 Jan. O
Apr. 10
Jul. 19
Oct. 27

17,653
17,6ο6
17,550
Dec. 66 17,486

1771 Jan. οΙ 2ο 5 22851
Apr. 10 20382
Jul. 19 20306
Oct. 27 22624 10,17
Dec. 66 20‚535 10‚o1

1772 Jan. 1 20 522907 -13 13 5265
Apr. 10 22815 5253
Jul. 19 23319 5249
oct. 27 22620 5253
05266 22517 5264

1773'Jan. 0 2ο 5228931-13 13 49,18
26389 4234
22684 4256
22579 4286
22474 5223

-13 13 39,68
40‚o9

Apr. 10
40,56

1121.ἒὲ , 22548 41,ο9
Dec. 66 22454 41,67

1775 san. · 20 5 32826 -13 13 31,05
Apr. 10 32335 31,66
Jul. 19 32650 - 3231
oct. 27 32571 3200
08266 32498 3338

1776 Jan. 1 20 5 35,863 -13 13 23,06
Apr. 10 35‚695 23,8Ο
Jul. 19 35,736 24,56
Oct. 27 35,685 25,33
Dec. 66 35,642 26, 12

1777 san. o 20 5 32997 -13 13 1242
Apr. 10 32961 1221
Jul. 19 32934 1298
oct. 27 32916 ,17,74
Dec. 66 32908 1249

1778 Jan. Ο 20 542,251 -13 13 7,81
Apr. 10 42,249 8,54
Jul. 19 42,257 9,24
Oct. 27 42,274 9,91
Dec. 66 42,300 10,54

1779 Jan. Ο 20 5 45,632 -13 12 59‚9o
Apr. 10 45,664 13 Ο,50
Jul. 19 45,7Ο5 1,Οό
oct.27
Dec. 66

29347
22646

45354
42811

1,55
2,ΟΟ

, Oct. 27

-13 12’ 5241
5282
5216
5244

1780 Jan. 1 db 542132
Apr. 10 49‚194
Jul. 19 42263
08227 42338
Dec. 66 42419 5266
1781 san. ο 20 5 52383 -13 12 4214
Apr. 10 52818 4231
Jul. 19 52‚906 - 42,42
oct. 27 52998 4245
Dec. 66 53‚o94 4242

1782 Jan. 0 20 5 52403 -13123299
Apr. 10 52501 31,91

Jul. 19 52600 3136
oct. 27 52700 31,54

, 08266 52801 3126

1783 Jan. Ο 20 6 0,108 -13 12 2Ο,91
Apr. 10 0,208 2Ο,59
Jul. 19· 2Ο,21
Oct. 27 0,404 19,77
Dec. 66 0‚499 19,27

1784 Jan. 1 20 6 3,809 -13 12 8,99
Apr. 10 3,902 8‚46‘
Jul. 19 3‚99o 7,ὃὸ
oct. 27 4,Ο73 7,26
Dec. 66 4,152 6,60

1785 san. o 2ο 6 7,468 -13 11 5237
Apr. 10 7,543 5269
Jul. 19 7,611 54,98
7,643 5425
7327 5249

20 6 11,Ο51 -13 11 43,28
11,100 42,51
11,14Ο 41,75
11,172 4o‚98

Dec.66 11‚196 40,21

1787 san. o 20 6 14,530 -13 11 3200
Apr. 1ο 14,547 2224
Jul. 19 14,555 2250
oct. 27 14,553 2738
Dec. 66 14,542 27,ο9

1788 Jan. 1 20 6 17,888 -13 11 16,84
Apr. 10 17,870 1217
Jul. 19 17,843 15,54
oct. 27 17,808 14,96
Dec. 66 17‚763 14,42

1789 Jan. O 20 621,119 -13 11 ,4,ἑί
3,17

2307

Dec. 66

1786 Jan. O
Apr. 10
Jul. 19
Oct. 27

 

