Tabula vul.
1841.

Log. A Log, Β Log. C Log. D Log. τ Ε

WWWWWW

9‚3389 03033 77 03087 77 13999 x ,ι- 6203
9,4081 03057 77 03065 77 13791 , ,ς- 633
9,4647 03138 77 03733 77 13437 , 4. 033
93108 03330 77 13813 77 1,1879 , ÷ o,03
9,5486 03318 77 1,1568 77 1,1095 ,ὃ ,7. 034

93797 63403 77 13693 77 03973 , ,ι- 034
93057 03464 77 13438 77 03369 , -1- 033
93383 03489 77 13633 77 03189 , ,7. 033
93487 03474 77 13690 77 93750 77 , .ι- 033
93683 03416 77 13619 77 03638 77 , ‚1- 033

93881 03316 77 13415 77 03447 77 , 4 033
93087 03181 77 · 13068 77 13048 77 , ,ι- 033
93305 03019 77 1,1556 77 1,1114 77 , , ÷ 033
93535 03843 77 13834 77 1,1863 77 , ,7. 033

93775 0366677 0383377 13391 77 , ...033

9,8020 Ο,7505 π. Ο,8337 n 1‚2751 π
9,8264 Ο,7375 π Ο,5865 τι 112970 τι
9,8503 Ο,7288 n 9‚9025 π 1,3061 π
9,8730 Ο,7251 η 0,3578 1,3032 π
9,8942 Ο,7264· n 0,7238 13882 π

93136 03319 77 63119 13599 77
93309 0340477 13340 1316777
93463 03503 77 1,1196 1,1549 77
93597 0360077 1,1810 1368177
93714 03679 77 13340, 0343077

93817 6373777 13519 0346677
93911 0373477 13665 0345377
93999 03693 77 13683 03913
03087 03601 77 13573 03688
03179 0346077 13335 03019

03378 0337477 1,1936 13443
03386 03055 77 1,1333 1,1413
03504 03819 77 13470 13098
03636 03588 77 03336 13573
03763 03385 77 03363 13879

03897 03333 77 673334 13037
0,1030 0315077 0373377 13056
0,1158 0314377 0347377 13938

 

