324

Tabulae X. Sect. 111. α, Scorpii.

1790 11111. 0116 16 31446 -25 56 5'7'‚98
Apr. 10 34,373 57,25
Jul. 19 34293 56,56
Oct. 27 34205 55,91

Dec. 66 34,11o 55‚3o

1791 Jan. O 16 16 37‚798 -25 57 4,29

Apr. 10
JuL 19

37,699 3,72
37,595 3,21
Oct. 27 37,487 2,76
Dec. 66 .37,375 2,36

1792111111. 1 16 16 41,069 -25 57 11,27
Apr. 10 40,955 10,93
Jul. 19 40,840 10,65
00t. 27 40,725 10,45
1161166 40,609 10,32

1793 Jan'. Ο 16 16 44,304 -25 57 19,13
Apr. 10 19,05
1111. 19 19‚05
Oct. 27 19211
Dec. 66 19,27

1794 san. ο 16 16 47,555 -25 57 27,94
47,453 s 28,17
47357 28,46
47,268 28,8ο
47,185 29,20

1795 Jan. 0 16 16 50,869 -25 57 37,83
Apr. 10 5o‚7 92 38,28
1111. 19 50,723 38‚78
Oct. 27 50,664 39‚34
Dec. 66 5o‚614 39,95

1796 Jan. 1 16 16 54‚286 -25 57 48‚5o
⁴13:ss3
5ο,53
51,28

1797 11111. 0¹ 16 16 57,832 -25 57 59,79
Apr. 10 58 0‚55
Jul. 19 1,32
Oct. 27 2,10
Dec. 66 2,89

1798 san. 0 16 17 1,517 -25 58 11,39
ἰὲῑέἓ
13,72

14,47, ,

1799 1 an. 0 16 17 5,334 -25 58 22,97
Apr. 10 23,71
1111. 19 24,41
Oct. 27 25,07
Dec. 66 25,68

1800 san. ο 1¹6 17 9ζ263 -23 58 31123

Apr. 10
1111. 19
Oct. 27 9,548 35,86
Dec. 66 9,652 36,30

1801 1811. 0 16 17 13,274 -,-25 58 44,9o
Apr. 10 13,381 45‚30
J ul. 19 13,488 45‚63
Oct. 27 13,597 45,9o

Dec. 66 13‚7o8 46,1o

1802 11111. 0 16 17 17,329 -25 58 54,78
Apr. 10 17,440 54,94
Jul. 19 17,549 55,03
oct. 27 17,657 55,05
116666 17,763 54,99

1803 J an. 0 16 17 21,386 -25 59 3,75
Apr. 10 21‚490 &65
Jul. 19 21,589 s‚49
Oct. 27 21,683 3,25
Dec. 66 21,773 2,95

1804 Jan. 1 16 17 25,402 --25 59 11,79
Apr. 10 25,488
1111. 19 25,567
Oct. 27 25,638 10,57
Dec. 66 25,702 10‚04

1805 J an. 0 16 17 29,34Ο -25 59 18,95
Apr. 10 29‚398 18‚39
Jul. 19 29,447 17,78
oct. 27 29,486 ,17,13
Dec. 66 29,516 16,44

9,353
9‚448

34,83
3537

11,03

1806 1111. 0 16 17 33,’166 -25 59 25,39’

38,189
33202
33204 28,19
33,197 2239

1807 san. 0 16 17 36,859 -25 59 31,36
Apr. 1o 36,844 30,57
Jul. 19 36,819 29,78
Oct. 27 36,783 28,99
Dec. 66 36,737 28,19

1808 Jan. 1 16 17 40‚413 -25 59 37,17
ἓὲἶὲἓ
34,9ο

24,68

1809 Jan. o 16 17 43‚836 ¹—25 59 43,13
Apr. 10 43,752 42,46
Jul. 19 43,66ο 41,83
Oct. 27 43,563 41,25
Dec. 66 43‚459 1 40,72

 

11‚44·

2334Δ

34,20 v

