446

     
         
      
               
       
           
           
                   
           

Tabulae X. Sors: Υ( α Tauri.

  

 

   
    
          
 

  

 

 

 

 

 

 

    

 

 

 

 

 

 

 

 

 

 

     

     

 

1880 san. 0 42816843 416 §2692 18401811. 1 222,- 4'5‚0⁵0 -1-161'1 1294

Apr. 10 10,285 26,80 xpm 45,148 1,87

Jul. 19 10,129 26,76 sul. 19 45,242 1,74

oct. 27 10,027 26,80 “ οοι. 27 45,882 1,58

Dec.66 9,927 26491 Dec.663 45,417 1,26

1831 Jan. 0 42618890 -ι-15· 984,67 18415811. 0 42648821 ÷1611 9,18

Apr. 10 13‚293 34‚83 Apr. 10 48‚903 8‚81

Jul. 19 18,202 85,07 Ju1. 19 48‚979 ’8,48
oct. 27 18,116 8587 oct. 27 49,048 7,99 -

Dec. 66 13‚036 ,85,75 Dec. 66 49,110 7,48

1882588. 1 42616,498 416 94842 18421818. 0 42652521 -ι-161115,41

Apr. 10 16,418 48,84 'Apr. 10 52,579 14,87

Jul. 19 16‚351 , 44,82 , sul. 19 52,627 14,29

oct. 27 16,292 4486 oct. 27 52,667 18,65

Dec. 66 16242 ,45,45 Dec. 66 52,698 12,97

1888 san. 01 42619,688 -1-16 958,05 1848188. 01 426 56,120 -ι-16112ο,96

58,68 - Apr. 10Ι 56,145 20,25

⁷ 54,84 ·-Ju1.191 56‚161 - 19,52

 

 

 

,Apr. 10 19,644
Jul. 19 19‚6o9
Oct. 27 19,583
Dec. 66 19‚567

 

 

 

 
        
 

55,04 Oct. 27 56,167 18,76

ι 55,78 Dec. 66 56,163 17,98

1884 Jan. 0 4 26 28,002 -ι- 16 10 8,.82 1844lJan. 1 4 26 59,597 ÷ 16 11 25,99
Apr. 10 22‚993 4,08 Apr. 10 59,587 25,2Ο

Jul. 19 2299ss 4‚85 Jul. 19 59,567 24,40

Oct. 27 23,oess 5‚63 oct. 27 59,537 23,60

Dec. 66 23,Ο23 6,43 Dec. 66 59,498 22,80

 

 

 

   
   

 

 

 

 

1885 -ι-16 11 80,81
80,027

san. 0742626446 ÷161013‚95 1845²Jan. 0 427 2944
Apr. 10 26,472 ⁴ 14,75 Apr. 10 2,898
Jul. 19 26‚5o6 15‚54 sul. 19 2844 29,25

 

 

 

 

 

 

 

   
   
  

   
       

 

 

 

 

 

     
   
      

 

 

 

 

 

oct. 27 26,550 16,81 001. 27 · 2,782 28,5ο·
Dec. 66 26,602 17,08 Dec. 66 2,711 27,77
1886 Jan. 1 42680,014 Ηι.161024,61 1846181.. 0 427 6,167 -1-16 1185,75
Apr. 10 80,072 25,86 Apr. 10 6‚o91 , 85,04
Jul. 19 80,187 26,08 sul. 19 6,oo9 84,40
oct. 27 80,208 26,76 oct. 27 5,921 88,79
Dec. 66 80,286 27,41 Dec. 66 5,826 88,28
1887 san. 0 42688,690 ψ161084,98 1847Jan. 0 427 9,290 -1-161141,15
Apr. 10 88,778 85,60 Apr. 10 9,192 4ο,68
Jul. 19 33,86o 36,17 Jul. 19 9‚091 40‚17
Oct. 27 88951 86,69 oct. 27 8,987 89,78
Dec. 66 84,ο47 87,16 Dec. 66 8,880 89,45
1888 san. 0 426 87,445 ψ161044,79 1848 Jan. 1 42712‚348 -ι-161147,28
Apr. 10 87,548 45,22 Apr. 10 12,240 47,00
Jul- 19 37,648 45,58 Jul. 19 125133 · 46,80
Oct-27 37‚745 45,88 · 06827 12026 46,67
Dec. 66 87,848 46,12 Dec. 66 11,919 κ 46,61
1889 san. 0 42641245 4416105882 1849 Jan. 0 42715,387 -1-16 1154‚34
Apr. 10 41,349 54,01 Apr 10 54,84
Jul. 19 41,451 54,18 54,41
oet. 27 41,552 54,18 54,56
98866 41,652 54,16 ’ 54,78

 

