49⁰

Tabulae X. Sect. V. α Lyrae.

1830'Jan. 0118 3'1 10, 961 488 351 56. 33 1840 Jan. 1 18 3'1 31,451 -1-38 38 9 63
Apr. 10 10, 897 56,11 Apr. 10 31, 510 10, 02
1111.19 10 ,835 55, 81 Ju1.19 31, 566 10, 47
Oct. 27 10,774 55,44 Oct. 27 31, 620 10 9,7
'Dea 66 10, 715 54, 99 Dec. 66 31, 672 11, 54

1831 Jan. o 18 31 12, 764 -1-38 37 58,14 1841 Jan. o 18 31 33, 685 -ι-38 38 14, 36
Apr. 10 12, 7ο6 57, ’65 Apr. 1ο 33’ 735 14’ 96
Ju1.19 12, '651 57,11 Ju1.19 33, ’781 15, 61
oct. 27 12’ 599 56, 51 oct. 27 33’ 824 16’ 3ο
116866 12,55ο 55,85 116866 33‚863 17,ο3

1832 Jan. 1 18 31 14,596 -1-38 37 59,Ο7 1842 11111. O 18 31 35,879 438 38 19,80
Apr. 10 , , Apr. 10 35,915 20,56
1111. 19 , . ‚ Jul. 19 35,946 21,33
Oct. 27 , , oct. 27 35972 22,13
Dec. 66 ‚ , Dec. 66 35,992 22,94

1833 Jan. 0 18 31 16,481 l÷38 37 59‚39 1843 Jan. 0 18 31 38,016 438 38 25,69
Apr. 1 16,453 58,59 Apr.10 38,033 26,52
8131

16,43o 57,78 Jul. 19 38,o44 27,34
16,413 57,95 Oct. 27 38,050 28,15
116666 16,402 56,12 116666 38,059 28,96

1834 Jan. 0 18 31 18,435 438 37 59,40 1844 Jan. 1 18 31 40,081 ÷38 38 31,72
Apr. 10 18,427 58,58 Apr. 10 40‚o77 3252
Jul. 19 18,425 57,77 1111. 19 40,067 33,30
Oct. 27 18,429 56,98 Oct. 27 40,052 34,04
Dec. 66 18,438 56,20 Dec. 66 40,031 34,76

1835 Jan. Ο 18 31 20,464 438 37 59,46 1845 Jan. 0 18 31 42,069 ÷38 38 37,56
Apr. 10 20,478 58,71 Apr. 10 42,Ο44 38,25
1111. 19 2Ο,496 57,99 Jul. 19 42,014 38,88
Oct. 27 20,520 57,31 Oct. 27 41,979 39,46
Dec. 66 20,549 56,68 Dec. 66 41,939 39,99

1836 Jan. 1 18 31 22,568 438 37 59,89 1846111111. O 18 31 43,983 -1-38 38 42,86

’ Apr. 10 22,601 59,29 Apr. 10 43,94o 43,δό
1111. 19 22,637 58,75 1111. 19 43,893 4377

Oct. 27 22,678 58,26 Oct. 27 43,842 44,12

Dec. 66 22,722 57,83 Dec. 66 43,787 44,40

§iz—Tan· 018 3124,737 438 38 ο,97 mm
24,784 ο,59 Apr. 10 45‚78o 47,58

24,834 ο,27 Jul. 19 45,721 47,74
24,887 ο,ο2 061. 27 45‚66o 47,82
24,943 37 59‚83 nec. 66 45597 47,82

1838 Jan. o 18 31 26,955 438 38 2,9ο 18481166. 1 18 31 47,649 -ι-38 38 5ο,87
Apr. 10 27,ο 12 , Apr. 1ο 47,586 5ο,81
sul. 19 27,ο7ο , Jul. 19 47,522 5ο,68
oct. 27 27,129 , 001. 27 47‚459 5o,47
nec. 66 27,19ο , 116866 47395 5ο,19

1889 an. ο183129,2οο ...38 38 5‚78 1849¹Jan. 0¹183149,446 ÷3838 5333
ψ 29261 5,92 Apr. 10 49,383 53,οο
29,322 6,12 Jul. 19 49,323 52,6ο
29381 6‚4o oct. 27 49,265 52,13
29,44ο 6‚74 Dec. 66 49,209 51,59

 

