³75

ΤιώηΙιᾷΧ. Sect. IV. α Canis maj-m.

⁷1 8 2 0 1 8 2 0 ξῗιὲοὲ) Α. R. med. Decl. med.

‘N*m-m m.m

sm ο 41”,487 4- 9,8 - 1278 -88,8 0 41 1810 6816468874 -18875Ξ,518
10 41,4 4- 4,3 - 4,11 -888 41 41 1811 86480814 8758959
8ο41,513 - 0,6 - 884 -808 41 41 1818 86 51,6754 88 1,409
80 41,488- 5,8 - 815 -17,8 41 0 1818 86548195 88 8864
Febr& 41,407 - 9,6 - 880 -15,1 48 0 1814 86 589685 8810888
1815 86 586075 8818784
19 ÷1‚291 -18,8 -11,16 4181 48 0 1816 87 88515 8818849
Mum 41,148 4188 -18,81 - 89 48 0 1817 87 4,8955 8888719
11 48968 -18,1 -18,94 - 5,7 4-8-1 1818 87 85896 8888198
81 40,780-19,1 -18,85 - 8,6 48 -1 1819 87181886
8148587 -19,0 -13,45 4- 0,6 48 -1 1880 87188876
1881 87184717
Apr. 10 40,400-18,0 -18,88 4- 87 48 -1 1888 37181158
80 40,887 -16,8 -18,71 4 6,7 48 -8 1883 87 887599
80 48077 -18,6 -11,89 4- 9,5 48 -8 1884 87884089
1118810 -0,044-10,4 -10,81 4181 48 -8 1885 87880480
80 -0,180- 6,8 - 847 414,5 48 -8 1886 87886981
1887 87 818861
80 -0,179 - 80 - 7,91 416,6 41 -8 1888 37 889808
sun. 9 -0‚189 4 1,0 - 6,15 4183 41 -8 1889 87 886848
19 -o‚159 4 4,9 - 485 419,6 0-8 1880 87 888688

Diei reducto addendum est:

ante

post ἒ Jun. 30 ζ

Sept. 7 ÷1‚244 -4-26,
17 ÷1‚517 -1-27,8

Oct„ 7 42:090 -1-29,1
ἡ 17 ÷2,381 ÷29‚

87 48670 4-88,
Nov. 6 ÷2‚95o 427,
16 ÷3‚216 -1-25,

ωωυιο“

111 menas. Jan. et Febr. annorum bissextorum legitur dies insequens. '

 

