406

Tabulae X. Sect. IV. a Ophiudn'.

0 Ι υ
-ι- 12 42 35,18
3252
3279
35,98
3209

-1- 12 42 3290
3296
3294
3284
3267

-ι- 12 42 2258
2235
2206

1³5¹ 26 2468
2384
7299

1810 Jan. Ο
Apr. 10
1 ul. 19
Oct. 27 7,212
Dec. 66] 7,124

Jan. 0 17 26 9,930
Apr. 10 9‚843
Jul. 19 9,757
Oct. 27 9,673
Dec. 66 9,590

1812 san. 1117 26 12393
Apr. 10Ι 12313
12237

12165 2269

12097 2225

1813 Jan. 0 17 2614,896 -ι- 12 42 25,25
Apr. 10 14‚832
Jul. 19 14‚774
Oct. 27 14,723
Dec. 66 14,679

1814'Jan. 0 17 26 17,470 ÷ 12 42 2205
Apr. 10 17‚430
sul. 19 17‚397
Oct. 27 17,372
118266 12355

1815 Jan. 0417 26 20,137
Apr. 10 20,125
1111. 19 20,121
Oct. 27 20,125
Dec. 66 2Ο,137

1816 Jan. 1 17 26 22,9Ο9
Apr. 10 22,926
1111. 19 22,958
Oct. 27 22,981
Dec. 66 23,020

1817 Jan. Ο 17 26 25,783
Apr. 10 25,827
Jul. 19 25,876
oct. 27 25,931
Dec. 66 25,992

Ι

1818 Jan. 017 26 28,748
Apr. 10 28,812
1111. 19 28,880
Oct. 27 28,952
Dec. 66

29,029

1819 Jan. 0117 26 81,779
Apr. 10 31,868
Jul. 19 ⁴ 31,938
oct. 27 82019
Dec. 66 32,1Ο2

1811

-1- 12 42 14,23
13,43
1262
11,81
1ο,98

-1-12 42 211
7,29
248
5,69
4,92

-1- 12 42 2,Ο4
1,28

ο,57

41 59,89
59,25

-1- 12 41 5233
55,72
55,17
5268
5425

÷ 12 41 51,26
5287
5254
5229
5ο,1ο

17 26 32851
32935
32018
32100
32181

17 26 37,931
32012
32089
32163
32234

17 26 42988
41,007
41,020

1820111111. 1
Apr. 10
Jul. 19
Οο1;.27
Dec. 66

1821 Jan. 0
Apr. 10
Jul. 19
Oct. 27
Dec.66

1822'Jan. 0
Apr. 10
Jul. 19
Oct. 27 41,129
115266

Ι 41,232

1823 J an. 0 17 26 43,992

46,958
42967
42968

42741
42729
42709
42682

1826111111. 0 17 26 52469

β, p . 52436

÷ 1241 4”7,03

÷ 12 41 4275
4287
4207
4434
4268

-1- 12 41 41,44
41,82
4227
4277

-1- 12 41 4202

÷ 12 41 3299
3280
4257
41,32
4203

 

52,350
52,296
Apr. 10
1111. 19

5239ss

1827 Jan. Ο 17 26 55,092
55,034

52970

Oct. 27 54‚901

Dec. 66 54,827

1828 1 an. 1 17 26 57,680
Apr. 10 57,553

Jul. 1 57,473

Oct. 27 57,390

Dec. 66 57,308
1829 Jan. 0 17 27 o‚11o
Apr. 10 0924

Jul. 19 26 52937

Oct. 27 59,850
Dec. 66 59‚763

-ι- 12 41 3270
3239
4202
4261
41,14

-ι- 12 41 37,87

-ι- 12 413225
3248 .
3264
3272
3272

 

 

