442

‘Tabulae X. Seet.lV.v α Arietis.

1830 san. o 157 36484 122 391626 18401186. 1 ’15816268 1224219423
Apr. 10 36‚376 10‚o9
Jul. 19 36269 927
οοι. 27 36164 920 -
Dec. 66 36261 829

1831 Jan. 0 15739,453 -ι-223926,41 18411131» 0 15813284 -1-22423329
Apr. 10 39250 26,13 Apr. 10 13‚973 3321
Jul. 19 39253 2522 Jul. 19 14‚o57 3323

Oct. 27 39,160 ’ 25,77 oct. 27 14,135 3329 -

Dec. 66 39,073 v 2559 Dec. 66 14,2Ο7 33,33

1 57 42,460 422 39 43,03 1842 Jan. 0 1 58 17,544 -1-22 42 50,66
42,376 42,99 p 17‚611 50‚56

42299 4321 17271 50,41
42230 4329 17,723 , 5020 ·
42,168 4323 17,768 4924

1833 Jan. o 15745,546 ÷224o 0‚5o 1843 Jan. 0 158 21,114 422 43 723
p 45,490 029 Apr. 10 7‚03
45,442 023 , Jul. 19 6,67

45404 123 ⁷ Oct. 27 . 626

45274 1,59 Dec. 66 5,79

1834'Jan. 0 1 57 48,741 -1-22 40.18‚78 1844 san. 1 58 24,568 -1-22 43 2324
p 48‚718 19,17 p . 24,572 22,75
48,704 1921 . 24,566 2222

48,7οο 2029 24,550 2125

48,706 2022 24,525 21,ο5

1835 san. o 1 57 52,061 -1-22 40 37,76 1845 san. 0 1 58 27295 4-22 43 3825
3821 Apr. 10 27262 3722
3828 Jul. 19 27221 3728
39,49 ont. 27 - 27,771 3622
40,12 Dec. 66 27212 3524

1 1 57 55,509 ÷22 40 57,22 1846 Jan. Ο 1 58 31,Ο93 422 43 5336
Apr. 10 55,554 57,86 Apr. 10
Jul. 19 55,6o7 58‚51 Jul. 19
oct. 27 55,667 59,17 Oct. 27
Dec. 66 55,735 59,83 Dec. 66

1837 san. o 157 59271 ÷224116‚92 1847 san. 0 15834,181 42244 825
Apr. 10 59,144 1729 Apr. 10
Jul. 19 59222 1824 Jul. 19
oct. 27 59205 1828 oct. 27
98666 59294 1920 95666

1 58 2,723 422 41 36‚60 1848 Jan. 1 1 58 37‚190 422 44 2³26
2816 3732 Apr. 10
2911 37‚8o Jul. 19
3,009 3835 Oct. 27
3,1Ο9 38,87 Dec. 66

1839312211. ο 158 6435 4224156301 1584ο,161 ,1.22443823
Apr. 10 6237 p 40‚o54 3823
Jul. 19 6‚639 39‚950 3729
oct. 27 6,741 39248 3721
Dec. 66 6242 39249 3728

 

