184

Tabulae X. Sect.

-13 17 5113
53,38
5266
51,96
5129

Ι n
2¹¹0 4 10,883
10,893
16893
10,884 -
10,865

1750 Jan. Ο
Apr. 10}
J ul. 19
Oct. 27
Dec. 66.

1751 J an. Ο
Apr. 10
Jul. 19
Oct. 27
Dec. 66

J an. 1
Apr. 10

 

1752 20 4 1242ss

17‚365
Jul. 19 17,299
Oct. 27 17,226
Dec. 66

‚ 17,146
1753 Jan. 0 20 4 20,517

-13 17 28,73
28,27
27,87
27,54
27,27

-13 17 17,02
16,8ο
1665
16,58
16,58

-13 17 6,23
, 6,28
6,40

6,60

6,87

-13 16 56,43
56,75
57,13
57,57
58,ο7

Jan. 1 20 429,456 -13 16 47,55
Apr. 10 29358 · 48,09
Jul. 19 29,266 48,68
oct. 27 29178 49,32
Dec. 66 29996 50,00

v1757 Jan. 0 20 432,466 —13 16 39,42
ἓῧῑὲὲ
41‚60
4237

-13 16 31,76
32,54

1754 Jan. Ο 20 423,528
1755 Jan. 0 20 426,492

1756

1758 Jan. 0 20 435‚560
Apr. 10 35‚511
Jul. 19 35,471 33‚32
Oct. 27 35,441 34‚10
Dec. 66 35‚418 34,87

1759 Jan. ο 20 438,767 -13 16 24,25
Aps. 10 38,752 25,02’
Jul. 19 38,746 25,76
066. 27 38,750 26,48
966 66 38,763 27,17

20 4 14216 -13 17 41,19
14,190 40,54
14,156 39,94
14,113 39,39
14,061 38,89

Ι. 2 α - Capricorni.'

1760 -103 161668
17,24 ,
17,86
18,43

18,96

-13 16 8,43
8,92

9,35

9,72

1093

-13 15 59,57
59,84

16 ο,ο4

ο,17

0,24

-13 15 49,85
49,87

, 49,82

49,7ο

49,52

-13 15 39,21
38,98
38,69
38,34
37‚93

-13 15 27,69
27,23
26,73
26,18
25,58

-13 15 15‚4o
14‚77

Jan. 1 2'6 4492100
1761 Jan. 0 20445658
1762 Jan. o 20 449,124

1763 Jan. 0 20 452773
· Apr 10 52,867

- 52963

53,061

53,162

1764 Jan. 1 20 456470

Dec. 66 ρ 56869
1765 Jan. 0 20 5 0,179

1766 Jan. 0 20 5 3,860
Apr. 10 ’3,944
Jul. 19 4,021
oct. 27 4,092 · 13,41 ,
96666 4,157 12,68

1767 Jan. Ο 20 5 7,478 -13 15 2,54
Apr. 10 7,538 1,80
Jul. 19 7,591 1‚O4
Oct. 27 7,635 Ο,28
Dec. 66 7,671 14 59‚51

1768 Jan. 1 20 5 11,002 -13 14 49,37
· 11,032 4860
11,053 47,84

11,065 47,09

11,067 46,36

2ο 5 14,410 ..13 14 36,20
14,4ο6 35,48
14,392 34,80
14,369 34,15
14,337 33,54

14‚11

1769 Jan. 0
Apr.10 Ἴ ”
Jul. 19
Oct.27

Dec. 66

 

