422

Tabulae X. Sect. IV. “Aquarii-

1810 san. ο2”1 52,- i'‚667 - f1'41't'),95 1820 san. 1215632060 - ‘11'1 3064
Apr. 10 1,574 11‚34 ⁴ Apr. 10 32,153 30,15
Jun. 19 1,479 11,77 sul. 19 32,245 29,62
Oct. 27 1383 12,26 Oct. 27 ¹ 39,336 29,06
Dec. 66 > 1,285 12,79 Dec. 66 32,427 28,47

1811 Jan. 0 21 56 4,402 - 1 13 55‚43 182llJan. 02156 35‚481 — 1 11 11‚48
Apr. 10 4,3o5 ” Apr. 10
Jul. 19 4209 > Jul. 19
Oct. 27 4,115 Oct. 27
Dec. 66 4923 Dec. 66 ·

1812 san. 12156 7,137 - 1 13 40,46 1822 san. 02156 38,878 - 110 51,96’
Apr, 10 7,047 41,13 Apr. 10 38,955 51,29
Jul. 19 6,962 41,80 Jul. 19 39,026 50,63
oct. 27 6,882 42,48 oct. 27 39,092 49,96
06666 6,806 43,17 06666 39,152 49,3ο

1813 Jan. 02156 9,915 - 1 13 25,76· 1823166. 02156 42,216 - 1 1032,32
Apr. 10 9,843 26,45 Apr. 10 42,272 31,67
Jul. 19 9,778 27,13 Jul. 19 42,320 31,04
oct. 27 9,720 27,80 ont. 27 42361 30,43
06666 9,670 28,4·5 06666 42394 , 29,85

1814 Jan. 0 21 56 12,770 - 1 13 11,Ο5 1824111111.. 1 21 56 45‚468 — 1 1ο12,88
p 12,725 11,69 Apr. 10 · 45‚496
12,688 12,29 Jul. 19 45‚515
12‚659 12,86 Oct. 27 45,526
Dec. 66

12,639 13,39 45,528

1815111111. 0³21 56 15,729 —- 1 12 56,o4 1825 Jan. 021-56 48,612 - 1 9 53,75
Apr. 10Ι 15,715 Apr. 10 48‚608
Jul. 19 15‚710 Jul. 19 48‚596
Oct. 27 15,713 Oct. 27 48‚575
Dec. 66 15,725 Dec. 66¹ 48,546

1816 Jan. 1 21 56 18,804 —· 1 12 40,47 1826 Jan, 0 21 56 51‚64o —- 1 9 3551
Apr. 10 18,822 40,80 Apr. 10 51,605 35‚10
Jul. 19 18‚848 41‚07 Jul. 19 51,562 34,96
Oct. 27 18,882 41,28 oct. 27 51,510 34,87
Βοαδδι 18,925 41,43 Dec. 66 51,451 34,86

1817 Jan. 0 21 56 21,994 '— 1 12 24,19 1827 166. 0 21 56 54555 — 1 9 17,64
22,041 24,3ο Apr. 1ο
22,095 24,36 Jul. 19
22,155 24,34 Oct. 27
22,222 24,27 06666

1818 san. 0215625‚283¹- 112 7,11 1828 san. 1215657,376 - 1 9 0,84
Apr. 10 25354 7,οο p 57,291 1,10
Jul. 19 25‚430 6,83 57,202 1,41 ,
oct. 27 25,510 6,61 57,110 1,78
06666 25,594 6,33 57,015 2,21

1819 san. ο215628,649 - 1 1149,24 1829166. 02157 0,131 - 1 84485
Apr. 10 28,736 , Apr. 10 0,ο34 45,31 ,
Jul. 19 28,824 Jul. 19 56 59,938 45,81
Oct. 27 28,915 oct. 27 59,841 46,36
06666 29,007 066. 66 59,745 46,95

 

