11⁵

Tabula VIII.
1848.

Log. Α Log, B Log. 0 Log. D Log. τ Ε

ᾙἫῪΜᾙᾙῸΝ

Jan. 1 8,5797 0,9812 0,5085 71 12999 4 6201
11 82467 0,9768 02064 7. 12791 , 4 ο,ο1
21 92016 0,9698 0,9721 71 12427 , . 4 ο,ο1
31 9,106ο 0,9610 1,0811 71 1,1879 , 4 ο,ο1
Febr. 10 9,1808 0,9514 1,1568 71 1,1096 , , 4 ο,ο1

20 92611 0,9424 12093 71 0,9973 , 40‚01
Mart. 1 92799 0,9349 12438 71 02270 0,00
11 92153 0,9301 1263271 02189 , o‚oo
21 92459 0,9286 1269071· 92741 71 , 0,00
31 92747 0,9306 12619 71 02628 71 , 0,00

. 10 9,4037 0,9357 12415 71 02447 71 , 0,00
2ο 9,4342 0,9431 12068 71 1,0048 71 ,’ . 0 00
, 30 9,4666 0,9520 1,1556 71 1,1114 71
·. 1ο 9,5008 0,9612 1,0834 71 1,1863 71
2ο 92362 0,9697 0,9821 71 12392 71

30 92720 0,9766 02336 71 12751 71
. 9 9‚6072 0,9812 02863 71 12970 71
19 9‚6409 o,9831 9‚9019 71 12061 71
29 92724 0,9821 02580 1203271
. 9 92012 0,9783 02239 12882 71

19 92268 0,9719 0,9120 1259971 . ,
29 9,7493 0,9636 1,0341 . 1216771
. 8 ’9,7687 0,9541 1,1197 1,154971
18 92852 0,9443 1,1810 1,068071
28 9‚7991 0‚9353 12240 0,9429 71

. 7 92110 0,9281 12519 0246571
17 92216 0,9236 12665 02451 71
27 92314 · 0,9224 12683 ο,ο913

. 7 92413 0,9246 12572 «02688
17 92517 0,9299 12325, 0,9019

27 92632 0,9375 1,1920 1,0441
. 6 92762 0,9464 1,1324 1,1413
16 9-,8905 0,9553 1,0470 12098
26 9‚9061 0,9631 0,9226 12573
. 6 ’9,9225 0,9688 0,7263 12879

16 9,9892 0,9716 0,.8236 1,3037
26 9‚9557 ' o‚971 1 o,0727 n > 1‚3057
86 9‚9713 0‚9673 0,647o π 1,2938

 

8³⁸.

