342

Tabulae X. Se66.111.a Cygni. ¹
Ι

1790566. 09034 1’7, 413 4443993691 1300536. 01983436999 4448'4 ’9, 60 ’ ·
Ap ιι. «19 17, ’397 90, 70 ’ Apr. 10 86, ’499 9, 61 j
Jup1. 19 17969 90, ’31 Jul. 19 36’ 471 9, 63
oct. 97 17936 9096 061. 97 36, ’517 9, 39
966. 66 17996 ἢ 9093 96666 36963 ‘10’08

1791 Jan. 0 20 34 19,350 -ι- ·' 1801 Jan. Ο 20 34 38, 591 -1-44 34 22, 47
Apr. 10 Apr.1o 38, 645 22, 72
J ul. 19 Jul. 19 38, 703
Oct. 27 Oct. 27 38, 764 23 ,39
Dec. 66 Dec. 66 38, 828 23, 82 ,

1799 366. 1 9ο 34 91906 ...44 39 45, 99 1309 Jan. o 90 34 40, 347 ÷44 34 3619 ‘
Apr. 10 91,145 44, 39 Ap ι. 10 40’ ,913 36, 65
Ju1. 19 91931 44, 50 Jul. 19 40' 980 , 37’ 16
oct. 97 91,ο13 44, 04 061. 97 41,048 37, 71
966. 66 90,943 · 43, ’53 966. 66 41,113 , 33, ’31

. 1793 Jan. 0 20 34 23,007 -1-44 32 56, 21
Apr. 10 22,936 (ἃ 55, 67
Jul. 19 22‚864 55, 08
Oct. 27 22,792 54, 45
Dec. 66 22,719 53,77

17942166. 0903494,734 44433 6,50 1304 san. 190 3445939 6-4435 599 ,
Apr. 10 94,71 1 591 Apr. 10 45999 ’
Jul. 19 94940 5,09 Jul. 19 45,564
061. 97 94,571 496 061. 97 45,696
966. 66 94,503 390 966. 66 45,636

1795 1 an. Ο 20 34 26,566 444 33 16,36
Apr. 10 26,500 15,60
Jul. 19 26,438 14,85
Oct. 27 26,380 14, 10
Dec. 66 26, 327 13 ,35

1796 Jan. 1 20 34 28, 385 444 33 26, 10 1806 Jan. 0 20 34 49,936 444 35 36,01
Apr. 10 28, 334 25, 37 Apr. 10 49‚976 36,69 ’
Ju1.19 28, 288 24, 66 Jul. 19 - 50‚011 37‚34
Oct. 27 28, 248 23, 98 Oct. 27 50, 040 37, 95
Dec. 66 28,213 23 ,32 . Dec. 66 50, 062 38, 52

1797 Jan. 0¹20 34 30965 -ι-44 88 86,05 1307 san. οΙ 90 34 59 ,096 444 35 5097
Apr. 10 30934 35,49 Apr. 10 59, 115 5,1 ’41
Jul. 19 30909 3493 Ju1.19 59’ 197 51’ ,90
oct. 97 30,191 3490 oct. 97 52,182 5999
966. 66 30,179 3391 966. 66 ‚ 59,130 59,71

17981139. 0 20 34 32,223 444 33 46,48 1808 Jan. 1 20 34 54,172 -1-4436 5,12
Apr. 10 32,215 46,02 , Apr. 10 54,166 5,45
Jul. 19 32,213 45,63 J ul. 19 54‚158 5,72
Oct. 27 32, 218 45 ,29 Oct. 27 54‚133 5,92 ,
Dec 66 32, 230 45 ‚02 Dec. 66 54‚108 6,o5

1799 566 0190 34 34, 966 ÷44 33 57, 69 1309 1660 90 34 56,153 .ι-44 86 18,55 '
Apr. 10 34939 p. .- 56,193 18,64
Jul. 19 34, 303 56999 “ 1395
oct. 97 34, 330 , 56950 13,59

 

Dec. 66 34,363 , 56,003 18,46

ᾼ <usa—p*- 1 - -

