(0Φῆωοὶ ιεΡ-ΟῠὶΘν-ΒΟ

Τ abul a X II. continuata.

Reductio observationum Solia

Μοῖρ’ Var.
transitus Saec.

November.

Log. F Tang. Sec.

31330 -ὅ,06 0,01460

1333 -0,06
14,05 -0,06
1433 -0,06
1433 -0,06

14,75 -0,06
1439 -0,06
1533 -0,06
15,47 -0,06
1531 -0,06

1534 -0,06
16,13 -0,06
1633 -0,06
1636 -0,06
1630 -0,06

17,13 -0,05
1737 -0,05
17,60 -0,05
1733 -0,05
1336 -0,05

1838 -o‚o5!
18‚51 —0,05g
1833 -ο,οὸΙ
18,94 —0,051
19,15 -ο,05ι

1936 -.0,05’ιζ

19,56 -0,05
19,76 -0,05[
1936 -0,04ἓ
30,15 -0,041
3033 -0,04’
3030 -0,04;

ἑ

1523
1586
1651
1715

1781
1846
1912
1978
2044

2111
2177
2243
2310
2375

2441
2506
2570
2634
2697

2760
2821
2882
2941
3000

3057
3 1 13
3167
3221
3272

3322
3370

0353 1,031
0359 1,033
0365 1,034
0371 1,035
0376 1,037

35
,33
3
30
33

1 19
128
136
144

6,
6,
6,
6,
6,
6,153
6,159
6,166
6,173
6,179
6,
6,

0394 1,043 ’33
0399 1,044 3

1
0333 1,033 ,36
1

0305 1,045
6

1,
1
1,
1
1,
1
0333 1,040 1 34
{3
1,
1,
1,

135
191
6,197

0310 1,047
0315 1,043
0330 1,050 1,
0335 1,051 1,10 6303
0330 1,053 1,03 6303

1
1
1
1

9
4
2

0335 1,054 1,06 6314
0340 1,056 1,03 6319
0345 1,057 1,01 6334
0350 1,059 039 6333
0355 1,061 036 6333

0359 1,063 034 6337
0364 1,064 031 6341
0363 1,065 039 6345
0373 1,066 036 6349
0376 1,063 034 6353

0330 1,069 031 6356
0334 1,071 0,73 6359
0333 1,073 0,75 6363
0391 1,074 0,73 6365
0395 1,075 0,70 6363

0393 1,076 0‚67 6370
0,401 1,077 0‚64 6373

(11εοί Sacc.

110 1'6 335 -ό’,45

9,10 -ο,45
935 -0,44
939 - 0,44
933 -0,44

’ 10,07 -0,43

1030 -0,43
1033 -0,43
10,76 --0,43
1039 -0,43

11,21 -0,41
11,43 -0,41

1135 - 0,40 ι

1136 .- 0,40
1333 .. 039

1333 - 039
13,49 -033
1339 -033
1339 -037
1333 - 037

1337 -036
1336 -035
1334 -035
1333 -034
1339 -033

14,17 - 033
1433 - 033
1430 -. 033
1436 - 031
1431 - 030

1434 - 039
15,11 - 039

 

535

a Logb Radius Var. Para-111-

ms

