146

Tabulae X. Soet.

1750 san. 0 730 ό’,171 423³ 361364

1751 Jan o 730 3,338 -ι-23 36 3,03
730 7,366 -ι-28 35 57,91

17531311. 0
Apr. 10
Jul. 19
Oqt. 27
Dec. 66 10,350 47,59

1754 Jan. O 7 30 14,082 -1-28 35 39,86
, Ἀρτ. 10 13,967 39,81
Jul. 19 13‚851 39,83

oct. 27 13,733 39,94

Dec. 66 13,614 40,12

1755 san. 0 7 3ο 17,343 -ι-28 35 32,28
Apr. 10 17‚229 32,51
JuJ. 19 17,113 32,81
001 27 16 ,999 33,18
Dec 66 16’ 883 33, 62
1756 Jan 1 7 30 20, 613 ÷28 35 25, 69
Ap r 10 20, 510 26' 17
JuP1.19 20, 407 26, 71
oct 27 20’ 31 1 27, 3ο
Dec 66 20' ,221 27, ’94

1757 Jan O 7 30 23, 944 -1-28 35 19, 94
Ap r. 10 23, 859 20, 61
Jupl. 19 23 ,783 21, 32
Oct. 27 23, 716 22, 06
Dec. 66 23,657 22,83

1758 Jan. 0 7 30 27369 -4-28 35 14,79
Apr. 10 27,316 15,58
Jul. 19 27‚274 16,37
oct. 27 27,244 17,17
Dec. 66 27,224 17,97

1759 Jan. 0 730 30,923 -1-28 35 9,92
Apr.10 30,909
Jul. 19 30,907
oct. 27 30,915
Dec. 66 30,934

7 3ο 1ο,769
10,672
1ο,570
10,463

-ι-23 35 43,43
43,11
47,87
47,69

Ι. β Geminorum.

1760 san. 1 336 32'12619 ÷2{'3 35 4’,99
Apr. 10 34,645
Jul. 19 v 34‚681
oct. 27 34,726
Dec. 66 34,781

ῖ61 san. 0 7 30 33,454 -1-23 34 59,63

Apr. 10
J ul. 19 38,585
Oct. 27 38‚662
Dec. 66 38,746

1762 Jan. 0 7 3ο 42,410 -1-23 34 53, 72
Apr. 10 42,499 54,09
Jul. 19 42‚593 54,39
Oct. 27 42,692 54,62
Dec.66 42‚797 54,78

1763 Jan. O 7 30 46,454 -ι-28 34 46,93
Apr. 10 46,561 47,05
Jul. 19 46,67o 47,09
Oct. 27 46,781 47,07
Dec. 66 46,894 46,97

1764 Jan. 1 7 30 50‚549 -1-28 34 39,20
Apr. 10 50,663 39,06
1 ul. 19 50,775 38,85
Oct. 27 50,886 38,57
Dec. 66 50,996 3833

1765 Jan. ο 7 30 54,652 ...23 34 30,54
54,760 ’ 30,15
54,863 29,71
54963 29‚20
55,058 28‚65

1766 Jan. 0 7 3ο 5·3,719 -ι-28 34 21,02
Apr. 10 58,810 20,43
Jul. 19 58‚894 19,80
oct. 27 58,971 , 19,13
Dec. 66 59,041 18,42

1767 Jan. Ο 731 2,711 -1-28 34 10,83
Apr. 10 2,775
Jul. 19 2,83Ο
Oct. 27 2,876
Dec. 66 2,913

10,10

9,35

3,58
1763 san. 1 731 6,594
Apr.10 6,624
Jul. 19 6,644

38,516

7,78

-1-28 34 0,22
Oct. 27 6,653
Dec. 66 6,652

33 59,42
’57,84
1769 Jan. 0 7 31 10,345

57,06

-1-28 33 49,49
43,72
47,97
47,26
46,57

58,63
10,337
10318
10288
1ο,243

 

