Tabulae X. Soet. IV. α 'Cani' ‘minoria

l 8 2 0 1 8 2 0 Ἕῃοᾷο A. R, med. Decl. med.

*mv-ww ΜΜ

san. o 4ί’,338 416,0 - 8236 -13,3 ..1 0 1810 3223 2't'›‚9624 4 ἓ48 {480
10 ÷1‚476 411,4 .- 3,68 -11,8 0 0 1811 8984,1100 4158,783
80 41,565 4 6,4 - 4,78 -10,8 0-1 1818 89888576 4150,ο88
30 41,604 4 1,4 - 5,65 - 8,4 -1 -1 1813 8930,4051 4141377
38889 41,593 - 3,4 - 6,39 - 6,5 ..1 -1 18ῗὲ {3 ἔξω ἓι 38667
19 41,536 - 7,7 - 6,95 - 4,8 -..8 -1 1816 89383474 41 15,835
Μαι 41,440 -11,3 - 7,35 - 3,8 48 -8 1817 89489948 41 6,513
11 41,311 -14,1 - 7,59 - 1,7 48 ..8 1818 8946,1481 4058787
81 41,159 -15,9 4 7,69 - 0,4 ..3 -8 1819 89488894 4048056
3140,994 -16,6 - 7,66 4 0,8 43 -8 1880 Ξξὲἓᾼέω 44348380
Apr. 10 40887 -16,4 - 7,53 4 1,9 43 -8 1888 8958ζ7309 4088838
8040666 -15,3 - 7,89 89 43 ..8 1883 30 1,8780 4014091
30 40581 -13,4 - 6,96 3,7 43 -8 1884 30 5,0850 40 5,339
Maj.1o ÷0‚398 -1o‚9 - 6,55 4,6 48 -8 1885 30 81780 39 56583
2⁰ - - ⁶2 ⁵, -2 13}ss 33383 3383
30 40,840 - 4,6 6, 48 -8 1888 3ο17,6187 39 ,3οζ891
sun. 9 40818 - 1,1 , 41 -8 1889 3ο8ο,7595 39 81,518
19 40819 4 8,5 30 889063 39 18741

sul. 9 ÷O,336 4 9,8

19 4-0,444 4-12,3
29 ÷O‚581 4154
”³13 ssss’ssssss Ξὲῖῑῖ
88 41ζ147 488ζ3

Sept. 7 ÷1‚380 4-24,3
- 17 ÷1‚632 ÷26‚o 4-

Diei reducto addendum est:

9
9
9

ante ἒ

9
2

4 44ιιι
ι4 44444 44444 4444

0,
87 41,900 487,5 4. 3ζ40 - 88 -3 ..8
οοι. 7 48188 4887 4 0,10- 6,3 ..3 -8
17 48474 4886 - 0,85 - 8,7 -3 -3

87 48774 430,1 .. 1,83 -10,8 -3 -3
Nov. 6 43,075 4889 - 3,00 -18,6 ..3 ..3
16 43378 4889 - 434 -14,0 -3 -3
86 48659 487,8 - 5,79 -14,8 -3 -3
Dec. 6‘4-&927 485,5 - 730 -15,1 -8 -4

164÷4‚169 4225 — 8,80 -14 8 -2 -4

²⁶i44’377 418,7 -10,85 -14‚o -8 -4
36 44,548 414,3 -11,59 -188 -1 ..5

Ι

In mensa. Jan. et Febr. annorum bissextorum iegitur dies insequens.

 

