318 ’

           

Tabulae X. Sect. III. 2α Librae.

 

   

  

               
       

 

 

    

   

       
        

      

 

 

   
     
      

 

 

 

       

  

 

 

        
      
   
  

    
  

          
      
       

 

     

 

 

 

 

 

   

  
         

  
      

     

      

 

  

179o¹sa11 0 1’4 3'9 13166 -13 93326 1800 jan. 011439 4s'>'‚54o -1312 398
111110 13100 3134 Apr. 1 43621 - 364

111. 19 43706 1328

011. 27 43796 1389

Dec. 66 49,890 1 1‚47

1791111. 0 14 39 21‚19o -15 945‚14 1801111. 0 14 39 53156 -15 12 2372
’ Apr. 10 21,100 44,47 Apr. 10 27,27
111. 19 21,007 4384 111. 19 27,78
01127 23909 4324 01127 2325
91366 23808 4367 111366, 2367
1792 san. 1 14 39 24‚139 —15 95832 1803111. 014 39 53813 -15 12 4396
Apr. 10 24‚036 57,78 , Apr. 10 56,913 4435

sul. 19 23933 5730 111. 19 57,ο12 44,68
ot. 27 23829 · 5387 oct. 27 57,11ο 4435
loeo. 66 23724 5349 111366 57306 45,17
1793111. 01439 27,055 -15101307 18031111. 01440 3472 -15 13 0,53
Apr. 10 23951 11,73 Apr. 10 ἡ 3567 371

111. 19 23850 11,46 111, 19 0‚657 382
01127 23752 1325 Oct. 27 3743 388
'Dea 66 23656 · 11,11 Dec. 66 3825 387

 

 

   
    
          
    
      
     
           
                

   

 

        
        
    
 
  
     

 

 

 

    

     

 

 

   

 

 

 

 

  
      

    
   

  

  

   
  
   
    
    

   
 

 

 

 

      

   

 

 

 

 

       

 

  

 

 

 

 

 

    

 

 

 

 

 

 

 

 

 

 

 

 

  

1794 san. 0 14 39 23984 -15 10 2361 1804 Jan. 1 14 40 4,096 -15 13 1330

Apr. 1ο 23891 2351 Apr. 10 4,174 1325

111. 19 23804 2348 111. 19 3246 1313

oet. 27 23723 2352 oct. 27 4311 1395

111366 23648 2362 1³60ss 4370 1371

1795 Jan. o 14 39 33970 -15 10 4303 1805 Jan. 0114 40 ’7,650 -15 13 3322

4318 Apr. 10 7,704 3394

4239 111. 19 7,749 3361

4366 01127 7,785 3322

4300 neem 7,813 2377

1796 111. 1 14 39 33047 -15 10 5834 1806 111. ρ 14 40 11,104 -15 13 4534

Apr. 10 58‚71 Apr. 10 11,126 4436

111. 19 59‚14 111. 19 11‚138 44‚34

oct. 27 5362 01127 11,141 4377

111366 11 314 131366 11,135 4316

1797 Jan. 0 14 39 33241 -15-11 1341 1807 111. 0 14 40 14‚438 -15 13 5378

Apr. 10 33234 1396 Apr. 10 14,435 53‚15

111. 19 33237 1355 111. 19 14‚4o3 57‚49

oct· 27 33249 17,17 oct. 27 14372 5381

Dec. 66 33271 17,82 Dec. 66 14‚331 · 56,11

1798 san. 0 14 39 43560 -15 11 3305 1808 san. 1 14 4ο 17345 -15 14 11,76

Apr. 10 43587 3372 Apr. 10 17,598 11‚o4

111. 19 · 43623 34,40 111. 19 17,544 1033

Qut. 27 43667 3309 Oct. 27 17,481 361

Dec. 66 42,720 3380 Dec. 66 17,410 389

1799 111. 0 14 39 43999 ·-15 11 51,00 1809 111. 0 14 40 23734 -15 14 2434

Apr. 10 43057 5370 Apr. 10 23658 2383

111. 19 43121 5340 111. 19 23577 2314

oct. 27 43192 5309 011. 27 23490 2347
91166 43269 5377 111366 20397

 

 

 

          

  

2132

