1515153207 -ι- 7 13 4344 1760

1750 Jan. O
sspr. 10
Jul. 19
Oct. 27

Dec. 66

1751 J an. O
Apr. 10
Jul. 19
Oct. 27
Dec. 66

Jan. 1 15 32 4,978 -1- 7 13 24‚45
Apr. 10
Jul. 19
Oct. 27

15 32 2,148

W

Dec. 66

1753 J an. Ο 15
’ Apr. 10
Jul. 19
Oct. 27
Dec. 66

1754 Jan. Ο 15 32 1Ο,364 -ι- 7 13 5,67
’ἕὲἰῗ {3

. Oct. 27
Dec. 66

1755 Jan. Ο 15 32 12,978 -1- 7 12 55,57
Apr. 10
Jul. 19
Oct. 27 ·
Dec. 66

Jan. 1
Apr. 10
Jul. 19
Oct. 27
Dec. 66

Jan. Ο
Apr. 10
Jul. 19
Oct. 27
Dec. 66

Jan. Ο
Apr. 10
Jul. 19

1756 15 32 15,589

1757 15 32 18,238

1758 15 32 23959

Oct. 27
Dec. 66

Jan‘. 0
Apr.10
Jul. 19
Oct. 27
Dec.66

ῑῖ5ἶ) 15 32 23779

·» ¹ Tabul‘ae X. Sect. Ι. α Serpentis.

59,217
59,219
59,212
59,197

44,04
44,67
4334
4304

,4, 7 13 3376
34,48
3322
3397
3374

Apr. 10
JuL 19
Oct. 27
Dec. 66

3127
3098
3062
3018

4,929
4,873
4,81ο
4,741

32 3709
3636
7,559
7,477
7,391

2322
2398
2373
27,47

-ι- 7 13 1320
1392
1361
17,27
17,90

1763
Apr. 10
Jul. 19
Oct. 27
Dec. 66

13276
13186
10,095
13002

6,27
6,81 “
7,3Ο
7,73

1765 Jan. Ο 15 32

1766 Jan. O 15 32

-ι- 7 12 44,66
44,81
44,88
44,88
44,80 ¹
-ι- 712 3382 1767156. 0
3370
3351
3325
31,92

Apr.10

Jul. 19
«ι- 7 1220,03
19,66

Oct. 27
Dec. 66
19,23
18,75

18,21

13502
13420
13342
13269

13168
13105
13048
13998

1768
23914
23877
23848
23828

Apr. 10
J ul. 19
Oct. 27
Dec. 66

23764
23757
23758
23768

382
321
356
387

san. 1 1} 3’2 23708
23724
23747
23778
23817

1761 Jan. Ο 15 32 29348 -Ι-

1764 Jan. 1 15 32 33350
33439
33527
33614
39,701

15 32 43054
43109

Jan. 1 15 32 52,164
52,193
52,213
52,225
52,229

÷ 712 339 1769 Jan. 015 32 53174
53172
53162
53144
53118

÷ ’7 115310
51,40
5368
49,94
4319

1762 san. 0 15 32 33884 -ι- - 7 11 2371

Jan. 015 32 36,095 -1- 711 8,22

-ι- 7 10 54,21
5378
5340
5308
5382

÷ 7 10 4392

4370
4355
4οφ47
4345

4 7 10 2347
2350
2359
2375
2398

43618
43703
43786
43866
43943

43863
43937
43006
43070
43128

17,19
43156
43196
43229

17,52
17,91

-ι- 7 10 323
372
7,25
7,84
347

÷ 7 9 5328
5394
57,62
5333 ¹
59‚07

 

-1- 7 10 16,92 ,

18,36 ,

