272

Tabulae X. Soet. Π. α Andromedae.

 

 

 

1770 166. 0 2'3 5'6 33232 -1-2‘7 49 1’7,72 1730 1661 23 5‘7 2, 160 -1-270 52’ 211, 53
Aps. 10 33230 17,54 Apr 10 2’ 133 24’ 86
161. 19 33270 1720 161 19 2 ’224
oct 27 33, 550 17, 02 oct 27 2, 263 25, 64
066 66, 33, 521 16’ 63 > 066 66 2, ’319 26,10

 

 

 

 

1771 Jan. Ο 23 56 36, 600 -1-27 49 36,- 71 1781 01231611. 57 5, 371 -1-27 52 45, 85
Apr. 10 36, 565 36, 34 Ap r. 10 5, 427 46, 33
Jul. 19 36,522 35, 92 Jupl. 19 5 ,490 46, 83 ,
Oct. 27 36,47Ο 35,46 Oct. 27 5559 47, 36
Dec. 66 36,41Ο 34,96 Dec. 66 5, 634 47, 92

23 56 39,499 -1-27 49 55,Ο4 1-782Ῑ1311. Ο Ι23 57 8, 679 -1-27 53 7, 64

 

 

 

 

 

 

 

 

 

 

 

 

  

1772 Jan. 1
Apr. 10 39,434 5452 Ap ι 10 3 ’757 3’ ,21
161. 19 39263 5327 Jupl 19 3, ’340 3, ’79
oct. 27 39235 5329 oet 27 3, ’927 9, ’33
06666 39201 5279 06666 9,ο13 9,93
17731166, 0 23 56 42293 -227 50 1290 17331166. οῑ23 57 12057 υ427 53 2929
- Apr. 10 42210 1229 Apr, 10 12150 3029
161, 19 42119 11,67 161, 19 ι 12244 3029
oct. 27 42024 1124 oct. 27 12339 31,43
06666 41226 10,41 06666 12436 , 3206

 

   

1774 Jan. O 23 56 45,028 -1-27 50 3Ο,53 1784'Jan. 1 23 57 15,474 427 53 51,78
Apr. 10 44,928 29,9Ο Apr. 10 15,57o 52,35
J ul. 19 44,828 29,28 J ul, 19 15,665 52,90
Oct. 27 44,728 28,68 - Oct. 27 15,759 53,43
Dec. 66 44,627 · 28,Ο9 Ι)6ς1. 66 15,853 53,93

 

 

        

       
 
      

 

 

 

 

 

    
       
    

     

 

 

   
     
 

           
    
       

     
    

 

   

 

 

 

 

 

 

 

 

 

17751166. 0 23 56 47‚73o ÷27 50 43,19 1735066. o 23 57 13293 ...27 54 13,67
Apr. 10 47,63o 47,62 Αρι, 10 14,15
161. 19 47,533 47,08 Jul. 19 14,6o
Oct. 27 47,439 46,53 oct. 27 15,00
066 66 47, 343 46, 11 066 66 15, 37
1776 Jan 1 23 56 50, 447 -1-27 51 6, 17 1736 san. 0 23 5722, 276 -1-27 54 35,16
Αρι 10 50 ’359 5, ’73 Apr 10 22, ’351 35, 49
161, 19 50277 5’ ,33 161 19 22, 419 35’ 73
oct. 27 50, 200 4’ ,93 Oct 27 22431 3622
066 66 50, 130 4, 63 06666 22536 3621
1777 166 0123 56 53, 222 4-27 51 24, 63 1737 san. 0 23 57 25290 -1-27 54 56,06
Apr 10 53’ 156 24’ 41 Apr. 10 25,640 . 5621
161 19 53, ’093 24’ 20 161. 19 25,632 5621
oct. 27 53243 24,05 oct. 27 25,716 5625
06666 53205 06666 25,741 5623
1773 san. 0 23 56 56,037 -1-27 51 4323 1733 166. 1 23 57 23204 1-27 55 1625
Apr. 10 56,050 4322 Apr. 10 23224 16,19
161. 19 , 56,022 4321 161. 19 23234 16,03
061. 27 56,002 4326 oct. 27 23235 1521
Dec. 66 55291 4327 06666 23227 15,69
1779 san. 0 23 56 59,o64 —1-27 52 324 1739 166. 0 23 57 31202 ,1.27 55 3523
Apr 10 59,060 3,93 Apr. 10 31237 3522
161 19 59,o64 4,18 Jul. 19 31264 35,11
oct 27 59,o77 4,43 oct. 27 31232 34,75
06666 59,o99 4‚73 06666 31,791 3424

 

 

 

 

