282

   

Tabulae X. sect. III.

 
    

-1-22 2'7 42,11 1800Ι
41, 44
.,40 76
40,08

1790 Jan. 0 1 55 23, 237
23, 177
23, 109
23,034
22,952

1 55 26330 .,-22 27 5735

Jan. 0
Apr. 10
Jul. 19
Oct. 27
Dec. 66

ffisan. Ο

      

    

 

 

      

         
         

    

1791 Jan. Ο

    
     

          
   

1792¹Jan. 1
Apr. 10
Jul. 19
Oct. 27

Dec. 66

1 55 29338 -1-22 28 1239
29335 1130
29330
29324
28317

1802 Jan. 0
Apr. 10
Jul. 19
Oct. 27

Dec. 66

      
  

 

 

 

 

     
      
    
     
  

              
      

          

       

       

       

 

 

 

  

 

 

 

      
     
     

1793 Jan. o 1 55 32303 ÷22 28 2734 18031188. 0
Apr. 10 32,195 27,1ο Apr. 1ο
Jul. 19 32390 26,72 Jul. 19
oct. 27 31387 2639 oct. 2
1)‹÷c.66¹ 31,886 26,12 Dec. 66
1794 Jan. o 1 55 35370 422 28 4332
Apr. 10 35,171 4339
Jul. 19 35378 4332
oct 27 34, 990 43,12
Dec. 66 34, 907 43, ’08
1795 1805 ιαμ. 0

Jan 0 155
Ap r. 10
Jul. 19
Oct. 27
Dec 66

38, 285 -1-22 29 030
38, ’207 ο’ 5ο
38’ 136 ο, ’56
38, ’073 ο’ 69
38, ’018 o' 88
1796 san. 1 1 55 41,386 -1-22 29 18, 22
Ap r. 10 41, 3’37 18, ’45

Jupl 19 41, ’297 18, ’73

Oct, 27 41366 19, ’07

’ Dec. 66 41345 19,47

 

 

 

  

                    
           

  

1797 san. οἳ 1 55 44302 -1-22 29 3673 1807 Jan. 0
Apr. 10 44‚587 37,15
Jul. 19 44381 3733
Oct. 27 44385 38,13
Dec. 66 44399 3839

 

 

 

  

  

 

 

 

 

1798 Jan. 0 1 55 47,944 -1-22 29 55,91,
Apr. 10 47,964 56‚48
Jul. 19 47‚993 57,07
Oct. 27 48,030 57,69
Dec. 66 48,076 Ι 5833
22 30 15,52 1809 Jan. 0

      

16,17 Apr 10

   

   
 

1799 Jan. 0 1 55 51,411 -ξ-
Apr. 10 51,463
Jul. 19 51322
Oct. 27 51,588
Dec. 66 51‚661

 

 

16,82 Jul. 19
17,48 Oct. 27
18,14 Dec. 66

  

      

α Arietis.

    

   

 

  

      
         
     
     

  

ψῂώῶμ
3538
3632

’ί 55 54388
55366
55348
55336 3735
55328 3736

1 55 58349 -1-22 30 5535

 

 

   

   

1 56 2360
2362
2364
2365 15,73
2,766 1636

1 56 6,085 -1-22 31 33,35

.,-22 31 1437
1434
1536

   
     
    
  

 

 

 

          

  

   

  
 

   
     
   
  

    

     
       

1 56 9,783 -1-22 31 5134
9368 5133
’9,947 5135
10320 5132 ·
10386 5133

 

    

15613317 -ι-2232 835

1 56 16,955 422 32 25,56
16,986 25,21

        

  

    

1 56 20374 -1-22 32 4134
20369 4032
20355 4036
20331 39,77
20397 39,15

 

1 56 23,663 -4-22 32 56,74

 

              

         
        
     

1 56 26327
26, 756
26’ 678
26, 594
26303 Ι

-1-22 33 11,70
1131

1033

936

930

 

  

