522 ’ .

’ Tabula XI.

Declcuationes Stellarum in Specula Gronovicemi mepe
observaturum.

Ιι Geminorum. g' =0,467
Decl. med. Var. ann. Log. a' Log. b' Log. c' Log. d' Log. μ v

*w ῊὟΜᾙΜΜΜ

1750 93 14 5”7370 4 όζ8594 93869 93995 7. 73708 83801 93390 n
1760 15 6,198 4 03069 93617 93995 7. 73599 83557 93390 7.
1770 15 13394 4 o‚7531 93358 93996 7. 73490 83998 93390 ..
1780 15 91360 4 03000 93089 93996 7. 73391 83099 933907.
1790 15 97394 4 03469 93787 93997 7. 73991 8,1798 93390 7.
1800 15 34,198 4 03938 93470 93997 n 73199 8,1419 93390 ..
1810 15 39369 4 03406 93199 93998 7. 73093 8,1071 93390 7.
1890 15 45310 4 o,4875 93759 93998 7. 73003 83701 93390 ..
1830 15 49319 4 0‚4344 93354 93998 7. 73914 83997 93390..
1840 15 53398 4 03813 93907 93999 .. 73830 ’ 73850 93390 ..
1850 15 57345 4 03981 93409 93999 7. 73745 73353 93390 ..

η Geminorum. g‘ = 0,474

1750 909 33 ἔ309 4 6ζο198 83690 030007. 83498 63504
1760 33 7366 -03400 833467. 030007. 83499 631597.
1770 33 7301 -03998 833977. 030007. 83418 739117.
1780 ,33 6309 -0,1456 9,14567. 030007. 83418 7,49717.
1790 33 4389 -ο,1984 938477. 030007. 83417 73669..
1800 33 9341 -03513 938997. 030007. 83417 737147.
1810 39 59364 -03041 937457. 030007. 83417 735607.
’ 1890 39 55360 -03568 934537. 939997. 83419 739677.
1830 39 59,198 -0,4097 930607. 939997. 83499 73874..
1840 3947367 -0,4695 935957. 939997. 83497 734097.
1850 39 49379 - 03159 930707. 939997. 83434 73884..

μ θεωίῐιοῐιιὶιι. g‘=0‚480

1750 90936 54344 -,ό’,7957 933617. 939987. 83178
1760 3646393 -03485 936847. 939977. 83193
1770 36 37374 -03014 93984.. 939977. 83910
1780 · 3697395 -03544 939657. 939967. 83997
1790 3618387 - 13073 935997. 939967. 83943
1800 36 7350 -13601 937777. 939957. 83957
1810 35 56385 -1,1130 030137. 939957. 83985
1890 35 45390 .- 1,1659 039367. 939947. 83308
1830 35 33367 -13188 034487. 939937. 83331
1840 35 91314 - 13717 03650.. 939937. 83358
1850 35 8333 - 13945 03843.. 93999.. 83386

 

