378

Tabulae X. Sect. IV. α Canis minoris.

Ι r
..- ἕ41,58’,73
5872
5879
5894
5816

-ι- 5 41 50‚38
50‚65
5o‚99
51‚39
51,87

5 41 4800
4851
44,ο8

0 72921312
· 21,215
21,117

1810 Jan.
Apr. 10
1111. 19
oct. 27 21‚Ol7
Dec. 66 20,916

Jan. 0 72924,097
Apr. 10 23,996
1111. 19 23,897
Oct. 27 23,800
Dec. 66 23‚705

1812 Jan. 1 729 26,884 -ι-
Apr. 10 26‚791
Jul. 19 26,703
Oct. 27 26,620 44,70
Dec. 66 26,542 45,37

181315211. o 72928715 ÷ 5413843
28641 3813
28575 37,86
28516 3861
28465 - 3839

1814'Jan. o 72938629 -ι- 5413842
Apr. 10 38583 31,21
Jul. 19 38545 8801
061. 27 38517 8881
Dec. 66 3249? . 3351

1815 Jan. οι 7 29 38650 ÷ 5 41 24,63
Apr. 10 38636 2843
Jul. 19 38632 2821
001. 27 38636 2896
Dec. 66 38650 27,7ο

1816 Jan. 1 7 29 38792
38811
38839
38875
38920

Jan. Ο 72942,Οὸ1
Apr.1o 48101
1111. 19 42,158 13,46
Oct. 27 42,221 13,87
Dec. 66 42‚291 14,20

Jan. 0 72945,414 -1- 541 5‚36
Apr. 10
Jul. 19
Oct. 27
Dec.66

Jan. o 72948855 ÷ 54057‚56
Apr. 10 48,945
Jul. 19 48037
Oct. 27 48131
Dec.66 48227

1811

-ι, 5 41 1873
1845
2812
2875
2133

1817 4- 5 41 12,42

1818

1819

12,98 ’

1820'12111. 1
Apr. 10

Jul. 19
Oct. 27

’ Dec.66

18211811. Ο
Apr. 10
Jul. 19
Oct. 27
Dec. 66

1822 J an. 0
Apr. 10
Jul. 19
oct. 27
Dec. 66

1823

1824 Jan. 1
Apr. 10
1111. 19
Oct. 27
Dec. 66

¹5 29 58342
58438
58534
58628
58722

7 29 58838
58931
58020
58106
58188

7 29 58308
58387
58460
58527
58589

÷ ἓ 40 4876
4858
4834
4802
4864

-ι- 5 4ο 3804
3862
3814
37,61
37,02

4. 5 4ο 2843
27,87
27,21
2852
2879

Jan. 0 780 2,716 -Ι- 54017,29
Apr.10
Jul. 19
Oct. 27
Dec. 66

730 8034 4- 540 871

8061
’ 8080
8090
8092

18251811. 0 730 9,240 -ι- 539 54‚07

1826 Jan. Ο
Apr. 10
Jul. 19
Oct. 27
Dec.66

18271811. Ο
Apr. 10
1111. 19
oct. 27
Dec. 66

1828 1811. 1

Apr. 10 ’

1111. 19
oct. 27
Dec. 66

1829 J an. Ο

 

7 30 12,325
12,288
12,242
12,188
12,126

730 18294
18227
18154
18075

< 14,99o

7 3ο 18166
18077
18985
18890
17,791

7 30 28971
28871
28771
28671
28571

÷ 5 39 4867
4804
41,46
4893
4845

÷ 5 39 3884
31,41
31,ο5

÷ 5 39 21,83
21,65
21,55
21,53

4 5 39 1879
1889

1807

1832

. 1865

 

