534

T a b ul a XII. continuata.

Reducem observationum solih.

October.

Mora Var.

tm ,t S b Radius Var. Parau-
nsx us aec.

¹⁴⁰³}AE Tang· ⁸⁶⁰· disci Saec. axis

28 1236251 -ὅ,48

0,78 -0,48
1,06 -0,48
1,34 -0,48
1,62 -0348

1,89 -ο,48
2,17 -0,43
2,45 -0,49

2 ἕ,55 -ὀ’,06 ο,οο162 0,05ο
8,63 -ο,ο6 178 0,ο57
8,72 -0,06 196 ο,064
8,82 -0,06 216 0,07ο
8,91 -ο,06 237 ο,077

«ἐῷ
..μ

9,03 ..0,07 261 0,084
9,14 -0,07 287 0,ο91
9,26 -ο,07 314 0,097
938, -ο,ο7 344 0,104
9,51 —-⁰‚07 375 0,111

9,65 -0,ο7 408 0,118 1,007 , , 3,28 -0,49
9,79 -0,07 443 ο,124 1,008 , , 3,56 -0,49
9,94 -0,07 480 0,131 1,009 , , 3,83 -ο,49
1ο,09 -0,ο7 518 0,138 1,009 , , 4,11 -0,48
10,25 ..-0,ο7 Δ558 0,145 1‚010 ‚ , 4,38“ -o,4g

2,73 -ο,49
3,00 -0,49

φωηωω ῲωωμο
,Ε’*ΓΓΓἼ* ΓψμΓὲ5μ
66666 66666

10,41 -0,ο7 600 ο,151 1,011 , , 4,66 ...0,48
1ο,58 -0,ο7 644 0,158 1,012 , , 4,93 -ο,48
1ο,75 -,ο,ο7 689 0,164 1,ο13 , , 5,20 -0,48
1ο,93 -ο,07 736 0,171 1,015 , , 5,47 -0‚43
11,11 -0,06 784 0‚177 .1,016 , ν , ι5,74 -0,48

11,30 -0,06 833 0,184 1,017 ·, , 6,01 ..048
11,49 -0,06 884 0,190 1,ο18 , , 6,28 -ο,48
11,68 -0,06 937 0,197 1,019 , , 6,54 -ο,47
11,88 -ο,06 991 ο,203 1,02ο , , 6,8ο -ο,47
12,08 -0,06 1045 0,210 1,022 , , 7,07 ..0,47

1229 -ο,06 1101 0,216 1,023 , , ’ 7,33 -0,47
1250 -0,06 1159 0,222 1,ο25 , , 7,59 .-0,47.1
12,71 -0,06 1217 0,228 1,026 , , 7,84 -0,46
ι12,93 -0,06 1277 0,235 1,027 , , 8,10 -ο,46
13,15 -ο,06 1337 0,241 1,028 , , 8,35. -ο,46

13,37 -0,06 1398 0,247 1,03ο , , 8,61 -ο,45
13,6ο -Ῑο,06 1460 0,253 1,031 , 8,85 .-ο·,45
13,83 -0,06 1523 ο,259 1,032 , 9,10 -0,45

 

