356

Tabulae X. sect. ΠΙ. α Ursae minori&

Α. R. med.

s‘xm

1790 ὅ 50 19186

1791
1798
1798
1794
1795
1796
1797
1798
1799
1800
1801
1808
1808
1804
1805
1806
1807
1808
1809
1810

50 81,516
50 48960
50 56,471
51 9948
51 81,698
51 84,404
51 47,184
58 0988
58 18951
58 85940
58 89900
58 58,181

53 5984,

58 18,610

58 819601
,88 45984
58 58988

54 18458 ¹

54 26,109

54 89987·

’ Decl. med.
Ἤν

88 11 8,·778
11 88958.
11 47980

18, 7,508
18 87978
18 46,687
18 6,198
13 85,754
18 45,806
14 48858
-14 84996
14 48985
15 8,469
15 88999
15 48,584
16 8184
16 88560
16 41,ο71
17, 0,577
17 80978
17 89,574

-ff-

 

