Tabula VIII.
. 1818.

937483 n 0,7628 n 035092 n
9‚2682 n 0‚7746 n O‚8068 π
9,1760 n 0‚7899 n >0,9723»n
9‚0696 π 048071 π 1,Οὸ 13 n
&9445 n 0,8242 π 1,1569 η

83911 7. 03898 7. 13098 7.
83884 7. 03525 7. 13488 7.
83251 7. 03616 7. 13682 7.
73798 03665 7. 13690 7.
83898 03674 7. 13619 7.

8,6663 028645 n 1,2415 n
&8468 0,8586 n 1,2068 n
8‚9860 o‚8505 n 1‚1556 n
9‚1o16 0‚8416 7. 13885 7.
9,2009 058331 π 0,9823 n

93876 03264 7. 03889 7.
93685 03226 7. 03869 7.
93801 032267. 930477.
93882 032667. 03570
93885 03845 7. 03284

93818 03455 7. 03117
93188 035867. 13889
93508 037247. 13195
93770 038597. 1,1809
93998 039777. 13240

93195 03071 7. 13519
93870 03188 7. 13664
93588 031607. 13682 ,
93698 03151 7. 13572 - ,
93857 03109 7. 13824

93080 03041 7. 13920
93216 03955 7ν 1,1828
93414 03865 7. 13469
93628 037827. 03224
93886 03728 7. 03259

93050 036977. 03225
93258 03712 7. 03747 7.
· 93454 03768 7. 03476 7.

 

