416·

       
     
      

    

Tabulae X. Seet. IV. la Capricorni.

       
      

1810 Jan. 0 2”0 7' 6,807 - 1⁰3 5 274 1820166. 1 2”0 732779 -103 33248
Aps. 10 6,704 284 Apr. 1 39,880 33‚20
Jul. 19 6,600 161. 19 32979 3287
Oct. 27 6,495 oct. 27 42078 3247
066. 66 6390 . 066. 66 42175 3202

 

 

 

      

       

 

     

     
 

 

 

 

 

    

 

 

 

 

       

      
     

    
    
    
    

     
   
    
     
   

      
    
   

 

 

 

 

         

         
     

          
 

 

 

 

 

       

   

 

   

 

       
  
         

       

 

1811 Jan. Ο 20 7 9‚760 — 13 452,92 1821 Jan.' 0 20 743,476 - 13 321,60
Apr. 10 9‚655 53,29 Apr. 10 43‚571 21,11
Jul. 19 . 9‚552 53,71 Jul. 19 43‚663 2Ο,57
Oct. 27 9‚451 54‚19 Oct. 27 43,750 19,98
Dec. 66 9‚353 54‚73 Dec. 66 43,834 19,δό
1812 Jan. 1 20 7 12,72Ο - 13 444,00 1822 Jan. 0 20 747,140 - 13 3 8,98
Apr. 10 12,625 44,57 Apr. 10 47,220 8,33
J ul. 19 12,535 45,19 Jul. 19 47,293 7,64
Oct. 27 12,451 45,85 Oct. 27 47,360 6,91
Dec. 66 12,373 46,56 Dec. 66 47,421 6,15
1813Ῐ130. Ο 20 7 15,732 -13 435,77 1823 Jan. 0 20 750,735 - 13 255‚81
Apr. 10 15‚659 36,49 Apr. 10 5o‚79o 55‚08
Jul. 19 15‚593 3723 Jul. 19 50,837 54,33
Oct. 27 15,535 37,99 Oct. 27 50,876 53,57
Dec. 66 15‚485 38,77 Dec. 66 50‚907 52,80
1814 Jan. 0 20 7 18,835 -— 13 427,96 1824 Jan. 1 20 754,251 -— 13 242,46
Apr. 10 18‚791 28,74 Apr. 10 54,256 41,69
Jul. 19 18‚756 29,51 Jul. 19 54,271 40,94
Oct. 27 18,730 30,28 Oct. 27 54,277 40,21
Dec. 66 18,714 31,Οὸ Dec. 66 54,274 39,49
1815 Jan.¹ 0

 

 

 

 

 

 

   

 

     

A r. 10
Jul. 19

20 722053 Ι- 13 42223 18251166. 0 20 757,609 - 13 22213

p 22043 2298 Apr. 10 57,600 2243
22043 21,71 Jul. 19 57,581 27,78

22052 2240 Oct. 27 57,553 27,16

22071 Ι 2206 066. 66 57,515 2258

    
        
       

        

Oct. 27
Dec. 66

   

 

 

 

 

     

 

 

        

             
      
      
        
      

 

 

 

 

 

 

  

  

 

       
  

   

 

 

 

   
          

   
 

     

     

 

 

      
            

    

 

 

         

    
  

  
       

      
     

          
  
  

        

1816¹Jan. 1 2ο 725398 - 13 4 1228 1826 Jan. 0 2ο 8 2862 -13 2 16,17
Apr. 10 22423 1291 Apr. 1ο 2818 1268
Jul. 19 22456 1250 Jul. 19 0,766 1214
Oct. 27 22498 14,ο4 061. 27 0,706 14,72
066. 66 25,549 14,53 066. 66 0,638 1235
1817 Jan. o 2ο 722865 - 13 4 280 1827 Jan. 0 20 8 2994 - 13 2 285
22921 4,25 Apr. 10 2921 253 ·
22984 4,64 Jul. 19 3,842
22054 4,97 066. 27 3,756
22130 224 066. 66, 2664
1818 Jan. 0 20 732437 - 13 35458 1828 Jan. 1 20 8 7,029 -13 15240 ’
32517 5281 Apr 10 2934 5234
32602 54,96 6,836 5235
32691 5205 6,735 5243
32785 5206 6,631 5259
1819 Jan. 0 ,20 732087 -13 34449 1829 Jan. 0 20 8 2998 - 13 141,91
Apr. 10 36,183 66610 2893
Jul. 19 36280 Jul. 19 2788
Oct. 27 36379 066. 27 2684
066. 66 32479 066. 66 2580 Ι 43.16

 

 

