Tabula VI.

continuata.

‚Adscemio recta media Solis, pro mediis meridiebus anni ficti,
addita Nutatione Solari.

September.
ψ
ΙΙ

October.

November. December.

*w

1ο 38 ἔ,006
41 59,560
45 56,113
49 52,666
53 49,219

57 45,772

11 1 42,326

5 38,878
9 35431
13 31984

17 28,537
21 ,25,09ο
25 21,643
29 18,196
33 14,748

37 11,3ο1
41 7,854
45 4,406
49 0,959
52 57,511

56 54,064

12 0 50,617

4 47,169
8 43722
12 40274

16 36,827

2ο 33379 .

24 29932
28 26484
32 23,037

86 19,59ο

13 3 55,459

7 52012
11 48,565

15 45,118
19 41,671
23 38224
27 34,777
31 31,330

35 27,883
39 24,437
43 20,990
47 17,544
51 14,ο97

55 1ο,651
59 7204

14 3 3,758

7 0,312
1ο 56366

14 53‚420
18 49,974
22 46,528
26 48,Οὸ3
30 39,637

34 36,192
38 32746

58 15,521

15 2 12,Ο76

6 8,631
10 5,187
14 1,742

17 58298

, 21 54,853 -

25 51,409

- 29 47,965
33 44,521

37 41,077
41 37,633
45 34190
49 3ο,746
53 27302

57 23359 Α
16 1 20416

5 16,972

9 13,529 ”

13 10,086

17 6,643

21 3200,

24 59,758
28 56,315
32 52,872

36 49,430

1¹5¹ 36 4Ξ,43ο

Ι

987

404
4442545
4ὃὲ

9,102
52 5,66ο

56 32218

17 0 28,775

4 25‚333
8 21,891
12 18,449

16 15,οο7
20 11,565
24 8,123
28 4,681
32 ’1,239

35 57,798
39 54356
43 50914
47 47,472
51 44,ο30

55 40,589
59 37,147

18 3 33,705

7 30263
11 26,822

15 23380,
19 19,938
23 16,496
27 13,ο55
31 9,613

35 6,171
39 2729

 

