82

    
   
    
            
     

Tabula VIII.
1815.

     

   

  

Log. A Log. B. Log. C

ῌῌῌ

Log. D

*Qu-*ww

    

 

. 9,5018 η 08990 08098 n 1,9999 -- 00 - 685,
10 98509 π 08659 0, 8068 η 1,9790 84869 -.- 0,05
90 9,8975 n o‚3186 o, ’9794 π 1,9496 87878 « - 0,05
80 9,8498 n 0,9579 1 ’0818 η 1,1878 88184 - 0,05
9,9868 η o, 1897 ’1,1569 n 1,1094 — 0,05 ·

988097, 0,0977 1,9098 η 08971 9,1859 -085

      

        
 

   

          
      
         
       

Mart. 1 9,1787 n 0,0080 1,9488 η 08967 9,9144 - 0,05
. 11 9,1151 η 9,9949 1,9689 n , 08186 9,9818 — 0,05
91 98858 η 9,8615 1,9690 η 9,9781 a 9,8898 - 0,05

887547, 9,8840 1,9619η

       

086997. 9,8905 ...0,05

 

Apr. 10 88770 n 98458 1,9415 η 08447 n 9‚4362 - 0,06,
90 88880 η 9,8857 1,9068 n 1,oo47 n 9,4776 - 0,06
8ο 88800 η 9,9891 1,1556 η 1,1118 η 9,5154 — 0,06

       
     
     

Maj. 10 789897. 9,9916 188855 1,1869η 9,5509 -ο,,06
· 88991 0,0848 088987. 1,9891π 9,5894 -086

       

 

 

    

 

 

   

   

8,7698 0,0617 08889 n 1,9751 η , - 0,06
Jun. 9 188699 0,0705 08869 n 1,9969 n 98404 - 0, 05
19 9,1108 0,0575 9,9049 n 18061 η 98667 -. 0’ 05
99 9,9171 0,0185 08569 18088 η 98915 .. 0, ’05

      
 

. ⁷ , 98019 9,9466 0,7984 1,9889η -’0’05

       

   

     
    

   

9,8688 98979 08117 1,960οη 9,7878 -085
99 98986 98988 18889 1,9168 n 9,7585 -085
Aug. 8 9,4682 ,9,1689 1,1195 1,1550 η 9,7787 - ο’ ,05

18 9,5047 9,Ο994 τι 1,1809 1,0682 π 9,7980 -- Ο ,05
28 935350 9,5775 π 1‚2239 o,9431 ῃ 9,8164 - 0 ‚05

sept. 7 9,5605 9,7710 n 1,9519 0,7468 n 98849 - 0 ,05
17 9,5897 98784 π 1,9664 08455 η 98519 - o’ ,05 ·

97 98081 989408 1,9689 0,0909 98676 -085

Oct. 7 ,98980 9,9870 n 1,9579 08688 98884 .- o ,06

- 98484 9,9186 η 1,9894 ,0,9019 98986. - 0 ,06

        

      
      
     
         
         
          

 

        

 

 

97 98650 98799 n 1,1990 ’ 18449 9,9184 - 0 ,06
Nov. 6 98889 98008 n 1,1898 1,1418 9,9976 - 0 86
16 9,7199 9,7106η 18468 1,9098 9,9414 -0,06
96 9,7888 981701. 08994 1,9574 9,9547 -086

9,7652 9,5517 π

       

0,7959 1,9880 ,9,9677 -086

9,7915 985407. 08994 18087 ’9,9808 -085
· 96 98167 98885 η 08749 η 18056 9,9995 -. 0,05
86 98408 9,7585 n o‚6476n 1,9987 0,0044 -085

        

