316

Tabulae X. Sect. III. la Librae.

1790 san. 01439 83631-105 64959 1800 san. 014 39 38319 -1ἓ 92659
Apr. 10 6,798 48‚87 Apr. 10 38300 27,26
Jul. 19 6726 · 48,16 ’ ⁴ Jul. 19 38385 27,90
oct. 27 6347 47,46 oct. 27 36474 2830
06666 6361 46,78 06666 38368 29,οε

1791 Jan. O 14 39 9‚885 - 15 7 2,50 1801 Jan. 0 14 39 41,833 -15 9 44,36
Apr. 10 9‚796 1‚83 Apr. 10 41,929 44,91 ·
Jul. 19 9,702 1,20 J ul. 19 42,026 45,42
Oct. 27 9,605 0‚6o Oct. 27 42,124 45,89
Dec. 66 9‚5o4 0,Οὸ Dec. 66 42,224 46,31

1792 Jan. 1 14 39 12,833 - 15 7 15,71 1802 Jan. 0 14 39 45,487 -15 10 1‚64
Apr. 10 12,730 15,17 Apr. 10 45,587 2,03
Jul. 19 12,626 14,69 J ul. 19 45,686 2,36
oct. 27 12,522 14,26 Oct. 27 45,784 2,63
Dec. 66

06666 12417 13,88 45380 235

1793 Jan. 0 14 39 15,744 -15 729,49 1803 Jan. o 14 39 49,145 -15 101834
Apr. 10 15‚642 29,15 Apr. 10 ἠ 49339 18,42
sul. 19 15,542 2838 Jul. 19 49329 1833
oct. 27 15,444 2837 Oct. 27 49,415 18,58
06666 15348 28,53 06666 49397 1838

1794 Jan. 0 14 39 18,674 - 15 7 44,06 1804 Jan. 1 14 39 52,767 Ι-15 10 34,04
Apr. 1o 18‚581 43,96 Apr. 10 52345 3339
Ju1. 19 18,494 4332 sul. 19 52,917 3337
Oct. 27 18,413 4336 oct. 27 52,982 33,7o
06666 18338 44,06 06666 53,040 33,46

1795 Jan. 0 14 39 21‚658 — 15 7 59,51 1805 Jan. 0 14 39 56319 -15 10 49,00
Apr. 10 21,587 5936 p 48,72
Jul. 19 21,525 5937 4838
oct. 27 21370 8 0,14 4739
06666 21,424 0,48 47,54

1796 san. 1 14 39 24,734 - 15 8 1534 1806 Jan. 0 14 39 59,770 -15 11 3,15
App. 10 24,693 16,21 Apr. 10 59,792 2,67
Jul. 19 24,662 16,64 sul. 19 59,805 μ 214
oct. 27 24,640 17,11 061. 27 59308 1,57
06666 24,627 17,64 06666 59302 ο,96

1797 Jan. 0 14 39 27326 -15 832,94 1807 Jan. 0 1440 3,102 -15 11 1632 -
Apr. 10 27‚919 33,49 Apr. 10 3‚039 15‚99
Jul. 19 27322 34,08 Jul. 19 3,o67 15‚33
oct. 27 27334 34,70 oct. 27 3,035 14,65
06666 27355 35,35 06666 2396 1334

1798 Jan. 0 14 39 31,243 - 15 8 50,61 1808 Jan. 1 1440 6‚307 -15 11 29,62
Apr. 10 31,27Ο 51‚27 Apr. 10 6,261 28,91
Jul. 19 31‚306 51‚95 Jul. 19 6,206 28,20
Oct. 27 31,350 52,64 Oct. 27 6,143 27,48
Dee. 66 31,402 53‚35 Dec. 66 6972 26,76

&Tam 01439 34‚680 —15 9 8,59 ffisan. 01440 9394
Apr. 10 34738 9,29

J ul. 19 34,802 9,99
Oct. 27 34,872 10,67
7 Dec. 66 34,949 11‚35

 

