888

       

Tabulae X. Sect. IV. α Hydrae.

      
        
       
   

 

 

 

18101an. 0 9 18 15¹, 344 - 7⁰563'6, 37 132012211. 1 91844847 - 7595'5, 41
414410 15, ’856 86’ 08 Apr.1o 44, ’835 55, ’88
Ju1.19 15, 167 8573 Ju1.19 44, 484 56, ’80
Oct. 87 15, ’076 85, ’88 044. 87 44,518 56,81
Dec. 66 · 14, 933 34, 85 Dec. 66 , 44,ωο 57,37

  

          

 

1811 181110ι 9 18 17, 962 -· 7 50 50, 26 1821 Jan. 0 9 18 47,519 - 7 53 12,46
49, ’76 Apr. 10 47,6ο6 18,ο4

49, 21 1111. 19 47‚691 13,65

48, 62 Oct. 27 47,773 14,29

Dec. 66 47,853 14,96

 

 

 

   

   

   

      

      
        

 

 

     
     

  

  

1818 Jan. 1 918 8ο,571 - 751 8,46 18881344. 0 91850,774 - 753 80,0’1’

- Apr. 10 80,488 8,81 Apr. 10 5ο,851 80,69
Jul. 19 8ο,897 8,14 Jul. 19 5ο,984 8188

Oct. 87 8ο,817 1,45 Oct. 87 5ο,991 3808

Dec. 66 8ο,840 0,73 Dec.661 51,o54 88,78

 

 

 

   

   

  
  
  
  
       
 

   
 

  
   

1813 Jan. 0 9 18 88813 - 751-1688 1883 Jan. o 9 18 53,981 - 7584783
Apr. 10 23,139 15,5o Apr. 10 54,Ο40
1111. 19 23,Ο72 14,78 · 1111. 19 54,Ο92
Oct. 27 23,012 14,06 Oct. 27 54,137
Dec. 66 22,958 13,Βὸ Dec. 66 54,175

    

 

 

 

 

     

        

      
     
         

 

 
 

  

  

1314 Jan. o 9 18 25,923 - 751 8884 1884 san. 1 9 18 57,110 - 754 5 ,63
Apr. 10 85873 88,14 Apr. 10 57,144 6,89
Jul. 19 25‚832 87,46 Jul. 19 57,169 6,91
oct. 87 85,798 86,8ο Oct. 87 57,186 7,49;
Dec. 66 85,778 86,17 Dec. 66 57,195 8,04

 

 

 

 

   

  
  
    

      

   

           
            

   

   
  
   

 

 

 

1815 san. o 913 88,787 - 75141,64 1885 Jan. o 9 19 0,140 - 7548815
14410 , 88,707 41,o3 Apr. 10 0‚144 88,67
Jul. 19 88,695 40,46 Jul. 19 o,139 84,15
Oct. 87 88,691 3994 Oct. 87 · 0,185 85,57
Dec. 66 88,696 89,46 Ι044. 66 0,103 85,94

 

 

 

        
      
        
            

 

 

 

 

 

 

 

   
    

 

 

 

    

 

 

 

           
     
 

     

1816 Jan. 1 9 18 31,641 -— 7 51 54,88 1826 Jan. Ο 9 19 3,059 —- 7 54 40,11
Apr. 10 31,652 54,44 Apr. 10 8,032 40,45 >
Jul. 19 31,67Ο 54,Οὸ 1111. 19 2,996 40‚72
oct. 87 31,697 58,78 Oct. 87 8,958 4o,9s
Dec. 66 31,731 53,44 Dec. 66 2,902 41,07
1817 Jan. Ο 9 18 34,666 —· 7 52 8,79 1827 Jan. Ο 9 19 5,867 - 7 54 56,-32
Apr. 10 34,705 8,55 Apr. 10 5,811 56,ss
Jul. 19 34,751 8,Βὸ 1111. 19 5,749 56,45
Oct. 27 34,8Ο4 8,27 Oct. 27 5,781 56,41
Dec. 66 34,864 8,22 Dec. 66 5‚606 56,&
1818 Jan. O 9 18 37,790 —- 7 52 23,49 1828 Jan. 1 9 19 &579 — 7 55 11,64
Apr. 10 37,354 88,48 Apr. 10 8,501 11,49
Jul. 19 37,922 23,54 Jul. 19 8,419 11,28
041187 87,995 88,66 041Ν 87 8 ,884 11,οο
Dec. 66 38,Ο72 23,84 Dec. 66 10, 66
1819 Jan. 0 9 18 40,998 -—- 7 52 39,04 1829 Jan. Ο 9 19 11, ‘- 7 55 26, 08
Apr. 10 41,o73 89,87 Apr.1o 11’ 1 85, 70
1111. 19 41,156 39,55 1111. 19 11 ‚O 9 25,26
Oct. 27 41,241 39,88 Oct. 27 10 ,947 24, 77
Dec. 66 41,329 Ι 4Ο,27 Dec. 66 10, 854 2438

 

 

 

 

 

