536

Τ a b ul a XII. continuata.

Reductio obaeervaeconum Solis.

m

December.

ετὲἶιέἷῖιιε SZZE'. Log' F 'sang‘ sec‘ ὂ Βὲἰξῖἰιε ἓξὲξ, Ρὲξέὲι-

l

33633 -ὅ,ο4 0,03333 0398 όζ67 6370 161434 -639

3030 -0,04 3370 0,401 0,64 6373 15,11 -039
3038 -ο,04 3417 0,404 0,61 6375 1535 -038
3034 -0,04 3461 0,407 038 6377 1539 -037
31,οο -0,04 3504 0,410 o‚55 6379 1533 -037

31,15 -0,04 3544 0,413 033 6381 1535 -0‚25 .
,3139 -ο,04 3583 0,415 0,49 6383 15,77 -035
31,43 -0,04 3619 0,417 0,46 6385 1539 -034
31,56 -0,03 3654 0,419 - 0,43 6387 16,ο1 -034
3138 -0,03 3686 0,431 0,40 6389 16,13 -033

ὍΟΟΝἏΟΊΟΙ *cotesto

31,79 -0,03 3715 0,433 037 6390 1633 -033
3139 -0,03 3743 0,435 034 6391 1633 -031
3139 -0,03 3768 0,437 030 6393 16,43 -ogo
33,08 -ο,03 3791 0,439 037 6393 1631 -0‚20
33,16 -ο,03 3811 0,430 034 6394 16,60 -0‚19

3333 -0,03 3839 0,431 031 6395 1638 -0‚18
3339 -ο,03 3844 0,433 0,18 6395 16,76 -o‚17
3334 -0,03 3857 0,433 0,14 6396 1633 -0‚16
3338 ..0,03 3867 0,433 0,11 6396 1630 -0‚15
33,43 βο,03 3875 0,433 0,08 6396 16,96 -ο,15

33,44 -0,03 3880 0,434 0,05 6397 17,03 -0‚14
33,46 -0,03 3883 0,434 Q 6397 17,07 -0‚13
33,46 -0,03 3883 0,434 0,03 6397 17,13 -0‚12
3336 -ο,03 3879 0,434 0,05 6397 17,16 -0,11 ·
33,45 -0,ο1 3874 0,433 0,08 6396 17,19 -0,10

33,43 -0,01 3866 0,433 0,13 6396 1733 -ο,ο9
3340 -ο,01 3855 0,433 3 0,15 6396 1735 -0‚o9
3336 -0,01 3843 0,431 0,18 6395 1738 -0,08,
’3331 -0,ο1 3836 0,430 031 6394 1739 -0,07
3335 ,0,01 3808 0,439 034 6394 1730 -ο,ο6

3318 -0,01 3787 0,438 038- 6393 1731 -0,05
33,11 -0,01 3764 0,437 031 6393 1731 -ο,04
3333 ο,00 3739 0,435 034 6390 1731 -0,03

 

