Tabulae X. Soet. lv. β Virginis.

1820

21 -Ι-1,9174 3,8 1-2,34

Apr. 10 41924- 2,5 -12,32
2041,886- 4,9 -12,0

»mmmmm

Maj.,10÷1753- 8,Ο -11‚1
20÷1,668- 8,8 -,106

3041,577- 9,3- -10,o
Jun 941,482- 9,5 - 9,4
1941,388- 9,3 - 8,8
2941296- 9,0 - 8,

fil&

&8385 &swe‘sso

4
4
4
4
4
4
4
4
4
4
4
4
4
4
4
4

3333 8

1820

Var. 10
annor.

A. R. med.

389

Decl. med.

ΨΝ

1810 1”14ὃ 4”7,8762 4 256 ὅ, 684

÷ 1811
-Ι- 1812
1813
1814
1815
-i- 1816
1817
1818
1819
1820
1821
1822
1823
1824
1825
1826
1827
1828
1829
1830

40 51,0007
40 54,1252
40 57,2497
41 08742
41 8,4986
41 86281
41 9‚7476
41 128721
41 159965
41 121209
41 222458
41 258697
41 282941
41 826185

;. 41 343430

41 37‚8674
41 40‚9918
41 44,1162
41 47,2406
41 5o‚3649

49 45, ’898
49 25’ 112
49 4’ 825
48 44’ 588
48 24’ ,251
48 8 ’968
47 43, ’675
47 28, ’887
47 8, ’098
46 42810
46 22521
46 2282
45 42942
45 21,652
45 1,861
44 41,070
44 20,779
44 ο,487
48 4ο,195
48 19,9ο4

Diei reducto addendum est:

ante
post

27 41,504 420, 6 - 298- 18, 9 -2 41
Nov. 6 ÷1‚729 ÷24‚3 -11‚44 -16,8 -2 41
16 ÷1‚99o ÷27‚6 -13‚13 -13‚3 -8 42

, 4808 -15,10 -20,0 -8 42

Dec. 6 42596 4822 ..1217 -21,1 -8 42

16 42925 4332 -19,32 -21,6 -3 42
26 43259 433,1 -21,48 -21,3 -3 42
36 43,58 431,9 -23,58 -20,4 -3 42

ἒ Sept. 17 ἰ

In menas. Jan. et Febr. annorum bissextorum legitur dies insequens.

 

