247

Tabulae X. Sect. ΙΙ.. α Scor-pii.

Var. 10

l 7 8 0 A. R. med. Decl. med.

-ΜΜ

san. ο -i‘‚185 427,8 4 4’ζ25 -4,9 ¹ 1770 18 15263641 -205 554 42507

10 -0,892 430,6 4 3,67 -6,5 ¹ 1771 15 24,0172 54 13396

20 -o‚574 ÷32‚6 4 2,95 -7,8 1772 15 27,67ο4 54 22,279

30 -0,241 433,7 4-2,12 -8,7 1773 15 31,3238 54 31,158

Febr. 9 ÷0‚099 ÷34,0 4 1,21 -9,2 1774 15 349774 54 40,ο32

1775 15 386312 54 48,901

19 40,439 433,7 40,28 -9,4 1776 15 42,2851 54 57‚765

Mart. 1 ÷0‚773 432,8 -ο,66 -9,3 1777 15 45,9391 55 6,625

11 41,095 431,5 -1,57 —:8‚9 · 1778 15 49,5933 55 15,479

21 41,4ο2 429,8 -2,43 -8,3 1779 15 53‚2476 55 24‚829

31 41,690 427,· -3,23 ..7,6 1780 15 569020 55 33,174

1781 16 0,5567 55 42,014

Apr.10 41,959 425,7 -3,95 -6,9 1782 16 4,2115 55 50,849

20 42204 423,3 -4,61 -6,3 -1 44 1783 16 7,8665 55 59,680

30 42424 42ο,7 -5,20 -5,7 -1 44 1784 16 11,5216 56 8,5ο5

Maj. 10 42617 417,9 -5,74 -5,2 0 44 1785 16 15‚1770 56 17,326

20 42781 414,8 -6,23 -4,7 4-1 44 1786 16 188324 56 26,142

1737 16 224880 56 34953

3ο 42912 411,4 -6,67 -4,3 41 44 1788 16 26,1438 56 43,759

sun. 9 4-3,οο9 4 7,9 -7,08 -3,9 42 44 1789 16 29,7997 56 52560

19 43,070 4- 4,2 -7,44 -3,4 42444 1790 16 33,4557 57 1,356
29 43,093 4 o‚4 -7‚75 -2,9

Jul. 9 -1-3,o78- 3,4 -8,ο1 -2,2 , ·⁴ Ῐ Ι

19 ÷3‚026- 7,o -8,19-1,5 Diei reducto addendum este
Q2313231311323 :3811311 - ³„oe
ἐξ .ἷὲῑὲΞέ ῐίξςὲ Ιὲῑὲἓ ῖῐὲςὲ ¹³⁰S‘

Sept. 7 4233ss -17,6 —7‚72 435
17 -1-2,157 —17‚1 —7‚31 ÷4‚5
27 ÷1‚991 -15‚6 —6.82 452
Oct. 7 -Ι-1,84’6 -13,0 -6,Ξ8 ÷5‚6
17 ÷1,732-*9,4 -5,71 45,6

27 ÷1,658- 5‚o -5‚16 45AE
Nov. 6 ÷1‚632 4- 0,1 —4‚67 ÷4‚4=
16 ÷1‚659 4- 5,5 —4‚28 ÷3‚3
26 ÷1‚742 4119 -4,02 -1-1‚7
Dec. 6 ÷1‚879 416ss —3,94 ——o‚1

 

16 ÷2‚o67 421,2 -4,o4 —1‚9
26 42302 425,5 -4,32 -3,8
’ 36 42,576 428,9 -4,79 -5,5

In mensa. Jan. et Febr. annorum bissextorum legitur dies insequens.

 

