Tabulae X. Sect. IV. α Serpentis.

Ι ι
18101333. οΙ1’5 34 53315 ÷ 3 1'5‘{3‚41 1830 san. 11²5* 35 34336 ÷ 359 4‘2‘3‚14 -’
Apr. 10 55335 5837 Apr. 10 34,534 47,74 -
Jul. 19 55,134 59,48 Jul. 19 24‚612 47,40
oct. 37 55,043 5933 001. 37 34,699 47,13
Dec. 66 54‚949 3 033 Dec. 66 34,785 46,91

i———-.——.——-.—--—

1811 Jan. Ο 15 34 57,928 -Ι- 7 1 48,37 1821 Jan. Ο 15 35 27,7Ο5 -ι- 6 59 35,19
Apr. 10 57,835 48,72 p 27,79Ο 35,Ο2
J ul. 19 57‚744 49,oe 27,871 34,92
oct. 27 57,655,- 49,21 27,949 34,88
Dec. 66 57‚569 4235 28,023 34,91
1812 Jan. 1 15 35 Ο,546 -Ι- 7 1 37‚49 1822 Jan. O 15 35 30,948 -ι- 6 59 23,11
p p . 31‚o19 23,18
31,085 23,32
31,146 23,53
31,201 23,8Ο
1813 Jan. 0¹15 35 3,2Ο7 -1- 7 1 25,66 1823 Jan. Ο 15 35 34,132 -ί- 6 59 11,92
Apr. 10 3,141 25,48 Apr. 10 34,183 12,24
Jul. 19 3,081 25,24 Jul. 19 34,226 12,61
Oct. 27 3,Ο29 24,93 Oct. 27 34,262 13,05
Dec. 66 2,983 24,56 Dec. 66 34,291 13,54

18141133. οΙ1535 5346 -ι- 7 11388 18341133. 1153537331 -ι- 659 1,59
Apr. 10 5„9o5 12,47 Apr. 10 37355 3,13
Jul. 19 5,873 12,oe Jul. 19 37370 3,69 «
Oct. 37 5,849 11,48 001. 37 Υ37379 3,30
Dec. 66 5333 10,90 Dec. 66 37377 336

1815 Jan. 015 35 8,786 ..ι- 7 05938 1835 Jan. 015 35 40337 ÷ 658 51,96
Apr. 10 8,775 58,68 Apr. 10 40331 5364

. Jul. 19 8,773 58,04 Jul. 19 40306 5335
Oct. 37 8,779 5737 Oct. 37 4ο,188 54,08

Dec. 66 8,794 56,66 Dec. 66 4ο,153 54,83

1818333. 1 15 35 11,737 -ι- 7 ο 45,09 1836 san. o 15 35 43113 -ι- 658 43,80

'Apr. 10 11,757 44‚37 Apr. 10 43,076 43,57
J ul. 19 11,784 43,63 Jul. 19 43932· 44,33
3ξὲ, ἕξ 11,82Ο 42,89 Oct. 27 42,981 45‚o9 -

11‚863 4213 Dec. 66 42,922 45,85 .

1817 san. 015 35 14,796 -ι- 7 030,58 1837 Jan. 015 35 45393 -ι- 6583388
14344 3933 Apr. 10 45339 34,59
14398 39,08 Jul. 19 45,760 3533
14357 3834 Oct. 37 45‚686 36,oe ,
15333 37,63 Dec. 66 45‚606 36,71 2

18181Jan. 015 3517349 ÷ 7 016,05 maffia-1* 15 35 48,583 -ι- 658 34,73

Apr. 10 18‚o19 1535 Apr. 10 48,500 25,38

Jul. 19 18,093 14,68 Jul. 19 48,414 36,οο
Ιὲἕὶῑὲἒ

Oct. 27 18‚17o 14,Οὸ 48,326 26,57
Dec. 66 18,252 13,42 48,234 27,Ο9

1819 Jan. 01535 31,173 -1- 7 o 1,83 182991211. 01535 51,315’.;- 65815,16
134 *Apr.1o 51,133 , 15,65

0,71 Jul. 19 51,030 · 16,07

033 Oct. 37 50338 16,43

6 59 59,79 Dec. 66 50,846 16,73

 

