,” 231
Tabulae X. Sect. 11. β Leonis.

1 7 8 ο 1 7 8 ο Vgssoff A. R. med. necl. med.

W*mssaew ‘ss-§rw

san. o ÷6‚365 ÷33‚2 - <3235 -18,2 -3142 1770 1'13'713‚7925 4135123366
10 40,689 4313 - 8,55 -15,6 -3141 1771 37 213634 51 2694

20 4ο,990 423,5 - 9‚96 ..125 -3 41 1772 37 249342 50 42628

30 41259 424,9 -11,05 - 9,2 -31 0 1773 37 28,οο49 50 22562
abne> 41,483 42ο,8 .-11,79 - 5,7 -2 0 1774 37 31,ο756 50 2495
1775 37 34,1462 49 42429

19 41,674 416,3 -12,19-- 24 -21-1 1776 37 372167 49 23362
Mart. 1 41,313 411,7 -12,26 4 ο,3 -1-1 1777 37 402871 49 2294
11 41,903 4 7‚3 -12,03 4 3,5 -11-1 1778 37 43‚3574 48 43,226

21 41,959 4 3,2 -11,56 5, 0-2 1779 37 46‚4277 48 22153

31 41,971 - 0,5 -10,33 0’-2 1780 37 424979 48 2033
1781 37 525680 47 43,019

1 -2 1782 37 55,6330 47 22950
1 -2 1783 37 527080 47 2330

Apr. 10 41,950- 3‚5 -1o‚o5
30 ÷1‚829- 3‚0 -. 8,17
Μα].1041,742- 9,2 -. 7, ν
20 41,645 -10,1 - 6,

7
8,
3⁹ 2-2 1784 38 1,7779 4642310
9 2’-2 1785 33 43477 4622739 ·
2-2 1786 33 7,9174 46 2668

1787 38 10,9870 45 42597
3-2 1783 33 14,0566 45 22525
3-2 1789 3317,1261 45 2453
3-Ξ 1790 33 20,1956 4442380
-1

7
7

8
6
8
4
6
3
,7
7
6
3
8
2

{3

00
÷ 44444 44444 44

30 41,541 -1ο,5 - 5,
Jun. 9 41,435 -10,5 - 4,
19 41,331 -10,3 - 4,
29 —{-l‚230—- 9‚7 -· 39
Jul. 941,137- 3,9 - ,

’ 444 44444

ωκὶκὶιο ›-
i‘„

ι

ῧημηῷ

Diei reducto addendum est:

ἒὲξῗ } Sept. 16 ζ

Sept. 7 4Ο,879 4 2,4 - 5,4Ο- 9‚4 Ο o
17 4Ο,918 -Ι- 5,6 - 6‚44 —11,6 O 41
27 4Ο,991 4 9,1 - 7‚71 -13‚8 -1 41
Oct. 7 41,1ΟΟ 412,9 - 9‚19 —15 9 —l 41
17 41,249 417,Ο -1Ο,89 -18,Ο -2 42

27 41,439 42ο,9 -12,78 -19,3 -2 42
Nov. 6 41,667 424,7 -14,34 -21,2 -3 42
16 41,932 423,1 -17,ο1 -22,1 -3 42
26 42229 4309 -19,25 -22,5 -4 42
Dec. 6 42549 4323 -21,50 -22,2 -4 42

16 42335 4323 -23,63 -21,2 -4 42

26 -1-3‚225 433,7 —25‚74 -19‚6 —4 42
36 43,559 432,6 -27,59 -17‚3 -4 41

In menss. Jan. et Febr. annorum bissextorum legitur dies insequens.

 

