5²

'rabula VIII.
179⁰.

Log. Α Log. Β Log. G Log. D Log. τ Ε

ῌῌΜΜΜῌ

93073 03260 030998 13998
93605 03233 03071 η 13790
93049 03170 03725 η 13425
93416 03081 13814η· 1,1877
93717 03983 1,1569 n 1,1093

93963 03893 13094η 03969
93167 03827 13438 n 03266
93342 03800 13632 η 03183
9,6501 03819 1369οη 93811 η
93655 03887 13619 η 03629 η

9,6813 0,7996 1‚2415 π 0,8446 n
9,6985 0,8136 1,2068 π 1,0047 n
9‚7170 Ο,8292 1,1556 n 1,1113 n
9,7372 o,8450 1‚0835 n 1,1861 n
9‚7586 , Ο,8595 Ο,9824 u &2391 π

00 00000 00„00„0§

93810 03718 03341 n 13751 2.
9‚8o35 03810 03873 η 13969 η
93257 03867 93073 η 13061 η
93470 03887 03560 13033 η
93668 03873 03230 13882 n

93849 03829 03115 13601 η
93010 03760 13337 13169 n
93150 03678 1,1194 1,1551 η
93272 03594 1,1808 13683 n
93375 03521 13239 03432η

4 ÷÷÷÷÷-÷÷÷÷÷ ÷÷÷÷÷ ÷÷÷÷÷ ÷÷÷÷÷

’ἓ 33333 33333 33333 33333 33833

93465 03470 13519 03470 n
93545 03453 13664 03459 a
93620 03476 13682 03906
93695 03539 13572 03688
93775 03637 13324 03020

93864 03760 1,1919 13443
93963 03896 1,1322 1,1414
03074 03031 13467 13099
03195 03151 03222 13574
03323 03245 03255 13880

03455 03307 03215 13037
03585 03333 03766.. 13056
03711 03333 03481 ι 13937

 

