168

Tabulae X. Sect. I. α Scorpii.

1750 166. 0 161'4 6506 -25 5’1 1616 1760 166. 1 1612142617 -25 52 3291
Apr. 10 6535 647 Apr. 10 42619 - 3668
161. 19 6554 675 - 161. 19 42632 8646
oct. 27 6563 600 ont. 27 42654 , 3624
116666 6563 7,23 116666 42686 3601

1751 166. 0 16 14 12214 -25 51 1648 1761 san. 0 16 14 46326 -25 52 4669
Apr. 10 12205 1670 46365 4649
161. 19 12186 1691 46413 4626
oct. 27 12157 1612 46470 47,ο1
116666 v 12117 1632 46535 47,73

1752 166. 1 16 14 16782 -25 51 2256 1762 san. o 16 14 50‚164 -25 52 5642
Apr. 10 16736 2677 p 57‚13
Jul. 19 16680 21,01 57,80
061. 27 16615 2626. 5643
116666 16541 1654 5602

Q

1753 166. 0 16 14 16217 -25 51 2675 1763 166. 0 16 14 56108 -25 53 7,76
Apr. 10 16137 2605 Apr. 10 56203 632
161. 19 19‚051 27,39 161. 19 56301 682
061. 27 16958 2678 061. 27 56403 626
116666 16858 2621 116666 56508 664

1754 166. 0 16 14 22543 -25 51 3636 1764 166. 1 16 14 56125 -25 53 1646
Apr. 10 22439 3683 Apr. 10 56233 1681
161. 19 22332 3637 161. 19 56342 1610

Oct. 27 22221 3696 oct. 27 56452 1632
116666 22107 3662 116666 56563 1647

1755 166. 0 16 14 26796 -25 51 4269 1765 166. 0 16 15 2178 -25 53 2634
Apr. 10 26681 4239 Apr. 10 2288 2645
161. 19 26566 4217 161. 19 2396 · 2649
066. 27 26451 4202 oct. 27 2502 2645
116666 26336 4695 116666 2605 2635

1756 1811. 1 16 14 29,025 -25 51 50,93 1766 Jan. 0 16 15 Ι6,’223 -25 53 37,31
Apr. 10 28,912 50,91 Apr. 10 6,324 37,16
1111. 19 28,803 50‚96 Jul. 19 6,419 36,94
oct. 27 28,697 51,Οὸ Oct. 27 6,5Ο9 86,65
Dec. 66 28,596 51,29 Dec. 66 6,594 36,80

1757 1 an. Ο 16 14 32280 -25 52 Ο,17 1767 Jan. Ο 16 15 10,219 -25 53 45,34
Apr. 10 32,182 Ο,42 Apr. 10 10,300 4434
J ul. 19 3209ss 0‚74 Jul. 19 1Ο,372 44,49
oct. 27 32009 1,12 - Oct. 27 16437 4698
Dec. 66 31‚933 1‚57 Dec. 66 10,494 43,42

1758 Jan. Ο 16 14 35‚609 -25 52 10,37 1768 Jan. 1 16 15 14,128 -25 53 52,52
Apr. 10 355ss8 10,86 Apr. 10 14‚179 51,92
Jul. 19 35‚477 11,4o Jul. 19 14,221 51,29
o‘ct. 27 35,425 12,ΟΟ Oct. 27 14,252 50,61
Dec. 66 35,383 12,65 Dec. 66 14,274 49,89

1759 166. o 16 14 36047 -25 52 2636 1769 san. 0 16 15 17,921 -25 53 5603
A 1. 10 „ 36011 2204 Apr. 10 . 17,936 5630
16. 19 36986 2274 161. 19 17,940 57,54
oct. 27 36970 2647 oct. 27 17,934 5677
116666 36965 2623 116666 17,918 5697

 

