Tabula VIII.
1775(

Log. Α Log. Β Log. C Log. D Log. τ Ε

WWWWWW

9‚o971 n 99478 95108 η 18998 — 00 — 6302
88668 n 99405 98078 n 1,2790 94862 - 902
97984 π 99808 99726 η 18425 97878 - 902
88894 n 99190 1,0815 η 1,1877 99184 - 902
90185 η 99062 1,1570 η 1,1092 90888 - 902

8,0840 08989 1809411 99969 91852 -902
94659 08888 - 18488 n 08264 98144 - 902
88599 08756 1,2682 n o‚5181 9,2818 -0,08
97868 08715 18690 η 98829 η 98898 - 0,08
88856 08714 18618 n 95629 n v 98905 -908

8,9714 08749 1,2415 n 08446 η 94862 .- 0,08
90510 08811 18068 η 1,0047 η 94776 - 0,08
91268 08891 1,1556 n 1,1112 η 95154 - 904
91996 08976 1,0886 η 1,1861 π 95502 - 904
92689 99052 99824 η 18890 η 95824 - 904

98888 99111 08842 π 1,2750 n 96128 - 0,08
98989 99144 95876 η 1,2969 n 96404 .- 0,08
94484 99145 99087 η 18061 π 96667
94978 99118 98555 18088 n 96915
96408 99047 97228 1888211 97150

95777 98950 99118 1,2601 η 97878
96097 98829 1,0886 18169 n 97585
96867 98691 1,1194 1,1562η 97787
96594 98548 1,1808 1,0684η 97980
96785 08418 18289 99488 n 98164

96947 08299 18519 97471 π 98842
97090 98218 18664 08461 n 98512
97222 98177 1,2682 90904 98676
97854 08181 1,2572 96688 98884
97492 08224 18824 99020 98986

97642 98297 1,1919 1,0448 99184
97809 98887 1,1822 1,1414 99276
97992 08479 1,0467 1,2099 99414
98188 08556 99221 1,2574 99547
98892 08607 97258 1,2880 99677

98599 08621 98209 18088 99808
98800 98598 90776π 18056 99925
98990 08521 964887. 18987 90044

 

