Tabula VIII.
1809.

Log. A Log. B ng. 0 Log. D Log. τ

93494 03763 03095 π 13999
9,4091 03734 03069 η 13790
94584 03673 037247. 13426
9,4987 03539 13813 η 13878
93314 03497 1,1569 n 1,1o94

9‚5580 03412 13093 η 03970
93300 03348 13438 n 03267
93987 03318 13632 π 03185
9,6156 03330 13690 n 93788 n
9,6319 03385 13619 n o,5629 n

9,6488 03477 13415 η 03447 n
9,6669 0‚8598 13068 n 13047 n
9,6866 03733 1,1556 η 1,1113 η
93080 03871 13835 η 13862 n
9,7307 ο,8998 03823 n 13391 n

9,7543 03105 0334οη 13751 η
93781 03184 03870 η 13969 n
93014 03232 93055 n 13061 η
93237 03246 03567 13033 η
93445 03228 0,7233 138827,

93633 03182 03116 1360οη
, 93801 03115 13338 13168 n
93947 03034 1,1195 1355οη
93073 03951 13309 136821.
93180 03878 13239 03431 n

93273 03827 13519 0,7468 η
93355 03805 13664 03456 n
93433 03821 13682 03908
93510 03873 13572 03688
93592 03959 13324 03019

93684 03068 1,1920 13442
93787 03190 1,1323 13414
93901 03311 13468 13098
03026 03418 03224 13574 ,
03159 03503 0,7258 13880 - ,

03294 03556 03222 13037
03429 03575 037537. 13056
03558 03560 ο,6477η 13937

 

