504

Tabdlae X. Sect. V. α Aquarii.

1830 Jan. 0 2²1² 57 2361
Apr. 10 2,764 30,14
Jul. 19 2,671 30,77
066 27 2,581 31,42
06666 2494 32,10

1831 Jan. 012157 5,606 - 1 814,66
Apr. 10 5522 1534 p . 37,640
Jul. 19 5,444 16,03 . 37,703
Oct. 27 5371 16,71 . 37,760
066. 661 5304 17,40 -. 37,810
p

1832Jan. 12157 8,409 - 1 759,95
8,347 8 0,63

8,292 1,28
8,245 1,92
8,206

11,Ξ68 45‚69 Apr. 10
1 1243 4624 'J ul. 19
1 1‚227 46‚75 oct. 27
1 1,219 4222 Dec. 66

1834²Jan. 0215714304 0 ‚ 1844 san. 1215747,188 - 1 425,83
Ἀρι. 10 14,302 · , . p . 47,172 25,50
Jul. 19 14‚309 ‚ . 47,147 25,23
oct. 27 14325 , . 47,114 25,01
06666 14349 , . 47,073 24,85

1835 Jan. 0 18451166. 012157501711- 1 4 7,65
Apr. 1o 17,453 , Apr. 10 50,124 7,54
Ju1.·19 17,490 , Jul. 19 50,069 7,48
066 27 17,535 , oct. 27 50,008 7,49
06666 17,588 , ⁴ 06666 49939 7,57

18461566. 021 57 53046 - 1 35ο,29
Apr. 10 52‚974
Jul. 19 52,895
066 27 52812

, Dec.66 5272ss

- 1 639,88
24052 39,68
24,133 39,43
, 24,218 39,13
24,307 38,77

1838 san. 0215727360 - 1 621,66 1848 san. 12157 58,576 - 1 318,03
Apr. 10 27,450 . 21,27
Jul. 19 27,541 20,83
oct. 27 27,633 2036
06666 27,726 19,84

18391366. 01215730,778 - 1 6 2,78 18491166 02158 1,305 .- 1 3 2,88
Apr. 10 30,871 2,24 p . 1,213
Jul. 19 30,962 1,68 . 1,124
Oct. 27 31,o51 1‚07 . 1‚o4o
Dec. 66 31,139 Ο,43 . 0,959

 

