226

Tabulae X. sect. II. α Hydrae.

1770 san. o 91617395 -.- 7462'794 1780'Jan. 1 81645380 - 70424536 ’
Apr. 10 17372 2831 Apr. 10 45375 45,47
Jul. 19 17341 2838 Jul. 19 45,727 4534
oet. 27 17302 2838 oct. 27 45,785 4537
08866ἶ 17356 2937 08866 45349 45,27

1771 Jan. 0 916 20320 - 7404435 1781 Jan. >0 916 48,775 - 748 0,48
Apr. 10 48348 ο,47
Jul. 19 48‚915 ,0,58
oct. 27 48392 ’ 0,74
088 66 49378 ,037

1772 Jan. 1· 916 28347 - 7405931 1782 Jan. 0 9 1651398 - 748 1635
Apr. 10 28,472 59,41 Aps ,10 52376 1632
10119 28392 5934 Jul. 19 52,161 16,64
oct. 27 28309 5931 088 27 52348 1731
088 66 28321 58,71 088 66 52387 17,44

1778 san. 0 916 26199 - 741 1835 1788 Jan. 0 916 55355 - 748 8247
Apr. 10 28109 Apr. 10 55344 8238
Jul. 19 26318 18119 55382 8838
Oct. 27 25326 088 27 “ 55320 8838
088 66 25382 088, 66 55307 8436

1774 san. 0¹ 91628311 »- 74127-,58 1784 Jan. 1 916 58326- 748 4934
118810 28718 *Apu 10 , 58312 50,15
Jul. 19 28326 Jul. 19 58,695 50,78

oct. 27 28386 088 27 58,775 - 51,44
088 66Ι 28,448 088 66 58352 52,12

1775 Jan. 0 91681325 - 7414036 17851188. 0 917 1,774 - 744 737
Apr. 10 81389 8939 Apr. 10 1,848 7,76
Jul. 19 81357 8930 Jul. 19 1317 8,46
oct. 27 81,180 8839 oct. 27 1380 9,16
08866 81,108 87,77 08866 2387 937

 

 

1776188. 1 91684386- 74158,16’ 1786188. 0 917 4367 - 7442431

Apr. 10 84312 52,44 Apr. 10 5320 2531
Jul. 19 88350 51,72 Jul. 19 5366 2630
001. 27 88395 5131 oct. 27 5,105 2637

08866 88347 5030 , 08866 5,187« 2732

1777 Jan. O 91636‚81o — 742 5,69 1787 Jan. Ο 917 8,Ο75 - 74442‚49
Apr. 10 86‚767 530 Apr. 10 8,102 43‚12 ,
Jul. 19 36‚732 433 Jul. 19 &120 43‚72
Oct. 27 36,7o5 '3‚70 Oct. 27 &130 4428
Dec. 66 36‚686 3‚09 Dec. 66 8,132 44‚80

17782Jan. οἱ 9 16 89340 - 7421845 1788 Jan. 1 91711380 - 744 5931
Α r. 10 89327 1737 Apr, 10 11376 45 030
Jul. 19 89322 1738 Jul. 19 11364 0,74
088 27 89325 1634 oct. 27 11344 1,18
088 66 89387 · 16,40 08866 11315 1,46

1779388 0 91642381 - 742 81,70 1789688. o 91718374 - 7451634
p 42398 8130 Apr. 10 18389 1638
42328 8035 Jul. 19 18397 1736

42356 8036 oct. 27 18348 1732

· 42396 8ο,42 0886σὴ 18791 1732

 

 

