470

  

Tabulae X. Sect. ‡V. β Virginis.

           
     
         
           
         
         
     
         
       
     
                 

 

 

   
     

1830 san. 0 11 4’1 50209 ÷ 2482002 1840 san. 1 11 4’2 21984 -ι- 289 51184
Apr. 10 50‚114 2ο,66 Apr. 10 22068 54,76

Jul. 19 50,021 ,2128 Jul. 19 22150 54,2ο

Oct. 27 49982 21,89 Oct. 27 22226 58,66

, 1161166 49,845 2248 nec. 66 22298 58,14
1881 san. 0 11 41 52998 -ι- 248 1,99 1841 Jan. 0 11 4225‚399 4 2 89 88,02
Apr. 10 52,915 2,57 Apr. 10 25‚467 8252

Jul. 19 52888 8,12 Jul. 19 25,529 8206

001. 27 52,767 8,64 oct. 27 25585 81,64
116866 52701 4,12 Dec. 66 25,684 8125

 

       

1832 Jan. 1111 41 55,846 -Ι- 2 42 43,67 1842
Apr. 10 2 55‚785 44,13
Jul. 19 55,732 44,54

Oct. 27 55687 44,90 .

 

11111. Ο 11 42 28,742 -1- 239 11,08
Apr. 10 28,786 10,73
1111. 19 28,822 , 10,42
Oct. 27 28,850 , 10,17
Dec. 66 28,871 9,96

  

 

 

 

 

 

 

 

     

 

           
   
      

  

 

 

 

 

 

      

 

 

 
     

Dec. 66 1 55,649 45,23
18331811. O 11 41 58,785 -ι- 2 4224,83 1843 1 an. 0 11 42 31,989 -1- 2 38 49,72
’ Apr. 10 , 58,758 ἓ25,12 Apr. 10 32‚003 49,55
Jul. 19 ·; 58,78ο 2585 Jul. 19 82009 49,44
oct. 27 ῑ 58,715 ι·25,52 Oct. 27 82006 49,88
Dec. 66 , ’ 58‚7o9 *2264 Dec. 66 31,995 49,37
Α 1834 Jan. Ο 11 42 1,835 -Ι- 2 42 5,32 1844 Jan. 1 11 42 35,124 4 238 29,Ο7
· -Apr. 10 · 1,885 5,40 Apr. 10 35‚106 29,11
Jul. 19 , 1,843 , 5,42 1111. 19 s 35,080 29,20
Oct. 27 1,860 5‚39 Oct. 27 35,046 29,35
116866 1,886 5,81 116866 85,οο8 29,55
1835 1811. 0¹11 42 5,000 , 5 1845 1811. 011 42 38,143 -Ι- 238 9,18
’ Apr. 10 5,032 44,93 Apr. 10 38‚095 9‚42
QJul. 19 ι Α 5,071 ,4435 Jul. 19 38,039 9,72
O'ct. 27 5,117 ’4452 oct. 27 37,976 . 10,06
Dec. 66 5‚17o .44‚24 Dec. 66 37‚906 10‚45
¹ 1836 Jan. 1 11 42 , -Ι- 2 41ἶζ24,04 1846 Jan. Ο 11 42 41,055 -f- 237 50,02
Apr. 10 ‚ ³235ss Apr. 10 40,981 50,45
1111. 19 , '‘Q-3237 , ¹ Jul. 19 40,902 50,91
· Oct. 27 , {2297 Oct. 27 4Ο,818 51,41
’ - Dec. 66 , 22,53 Dec. 66 40‚730 51‚95

 

  
     
      
  

 

 

 

 

 

       

18871611. 0114211,642 -ι-241ῑ· 289 1847111111. 0114248884 12878147
Apr. 10 11,721 51‚92 Apr. 10 · 48‚793 32,o3
Jul. 19 11,808 f. 1,48 Jul. 19 48,700 8261
oct. 27 11,888 ᾗ 0,91 , Oct. 27 48,605 8822
Dec. 66 11,977 {³ ο,86 1166166 48,507 ’ 88,84

   

1888 Jan. 0114215071 424034Q25 18481111. 1

 

 

 

  

11 42 46,664 -f- 237 13,33

Apr. 10 15‚161 ..239469 ι Apr. 10 46,567 18,96

1111. 19 15‚252 ,39411 Jul. 19 ¹..- 4634771 14‚59

Oct. 27 15,344 -38,52 Oct. 27 46‚376 15,22

Dec. 66 15‚437 37‚92 , Dec.66 46,282 15,84

1839 1811. O 11 42 18,530 -ι- 2 40 17,83 1849'Jan. 0¹11 42 49,437 —1- 2 36 55,34
Apr. 10. 2 17,22 Apr. 10 49,345 55,96
16,62 1111. 19 49,257 56,56

16,03 Oct. 27 49,173 57,14

15,44 Dec. 66 49,094 57‚7o

 

 

 

 

