323

Tabulae X. sect. III. α Serpentis.

ἓ

,127
,234
,343
,457
,574
,694
,818
,077
,211
,349
,490
,635
,784
,936
,091
,260
,412
,578
,747
,920

33 520109

34 1,9579

34 29050

, -10,22 -13,6 -3 42 1794 34 7,8521

1795 34 1ο,7993

19 4ο,575 4227 -11,42 -1ο,3 -3 42 1796 34 13,7466
Mart, 1 4ο,866 428,3 -1227- 6,7 ..3 41 1797 34 16,6939
11 41,140 426,4 -1276 - 3,1 -2 41 1798 34 126413

21 41,393 424,1 -12,88 4 ο,5 -2 41 1799 34 225888

31 41,622 421,7 -1266 4 3,8 -2 41 1800 34 25,5363
Apr. 10 41,827 4122 -1213 4 6,7 -141 1802 34 31ζ4315
2ο 42005 4165 -11,33 4- 9,1 .-1 41 1803 34343792

30 42157 413ζ8 -10,31 410,9 ο 41 1804 34323270
Maj.1o 42280 411,0 - 215 4122 ο 41 1805 34 402749
2 2ο 42376 4 8,1 .- 7,88 413,0 41 41 1806 34422228
; 3ο 42442 4 5,1 - 6,56 413,2 41 41 1808 34 421188
¹sun. 9 42478 4 22 - 5,25 4129 41 41 1809 34 526668
³ 19 42 485 - ο 8 - 398 412 3 42 41 1810 34 55,ο15ο

01ωο

μωΐιὲῖἓὲἓωὲωωω

μωωωωωυουουουουοῷιμῷιβιμωυωωιυμ
ἓνδῧωᾶὶὲιὲἓω

01 bd
tet->02

ξ 29 42462- 3ζ8 - 2ζ80 411ζ3 42 41
i1211. 9 42410- 6,6 - 1,73 410,ο 42 41

Diei reducto addendum est:

ζ
ss

5

19 42330- 9,3 - 0,8

ante

Aug. 8 42099 -13ζ5 3}
θ’ post

18 41,956 -14,

3 ἒ Nov. 17 ἑ ἷέ
28 ÷1‚8o4 -15‚4

&20010

Ν)
÷÷÷ ÷÷÷÷

422>QO uouoonoo
ᾨᾙΕζ tsstt

sept. 7 41,648 -15,3 1
= 17 41,498 -14,3 1

27 41,363 -12,4 0
1οοι. 7 41,250- 9,8 o
· 17 41,168- 6,2 - 1

ΟὪΞμ ΟΟΟὩΌΟΘ

ιιιι ÷÷÷÷÷
upupa?- „'·⁵„5·’⁰,9¹5”00
mame mmmmm

9
9
9

9
ἳ

»am

7

,01 -10,3 42 43

27 41,126- 20 - 2,16 -12 8 ÷1 43
Nov. 6 41,128 4 26 - 3,56 -15,2 41 43
16 ÷1‚178 4 7,5 — 5,19 -17‚3 41 44
26 41278 4125 - 7,ο2 -19,2 0 44
Dec. 6 ÷1,427 ÷17‚2 — 9,Οὲ -20,6 o 44

16 41,622 421,5 -11,14 -21,5 -1 45

26 41,856 425,0 -13,31 -21,7 -1 45
36 42122 427,9 -15,48 -21,3 -2 45

In menss. Jan. et Febr. annorum bissextorum legitur dies insequens.

 

21*

