Tabula VIII. ’
18⁰7.

s .

Log. Α Log. Β Log. C Log. D Log. τ Ε

ΜΜΜ,ΜΜΜ 4

95970 93714 95095 η 19999 4 905
95697 93674 98069 n 19790 ‚ 4 0,06
96063 93599 99794 η 19496 , 4 906
96379 93309 1,0813 η 1,1878 , 4 906
96699 93054 1,1569 n 1,1094 , 4 906

96843 09816 19093 η 99970 , 4 906
97093 09651 19438 η 98967 , 4 906
97180 09613 19639 η 95185 , 4 905
97393 09799 19690 η 99791 π , 4 905
97469 09994 19619 n 95699 η , 4 905

97605 93370 , 19415 η 98447 n ‚ 4 905
97758 93808 19068 n 1,0047 η , 4 905
97994 94959 1,1556 n 1,1113 η , 4 905

· 98104 94683 1,0835 η 1,1869 η , 4 905 ,
98995 95055 99893 n 19391 η , 4 905

98495 95359 98340 n 19751 n ‚ 4 905
98696 95587 95870 n 19969 n ‚ 4 905
98895 95736 990577. 1,3ο61 n , 4 905
99087 95808 93566 19033 n , 4 905
99967 95810 97933 19889 η , . 4 905

0
99431 95750 99116 19600 n ,η 4 905
99579 95643 1,0338 19168 η , 4 905
99709 95507 1,1195 1,1550 n , 4 905
99899 95366 1,1809 1,0689 π , 4 905
99918 95947 19939 99431 n ‚ 4 905

90004 95178 19519 97468 η , 4 905
90080 95180 19664 93456 n ‚ 4 905
90159 95966 19689 ,90908 , 4 905
90994 95433 19579 96688 , 4 905
90300 95667 19394 99019 , 4 905 =

90384 95943 1,1990 1,0449 , 4 904
90477 96931 1,1393 1,1414 , 4 904
90581 96506 1,0468 19098 , 4 904
90693 96748 99993 19574 · ‚ -ι- 904
90819 96939 97957 19880 , 4 904

90934 97071 93991 19037 · -ι- 905
91055 97141 90755 η 19056, , 4 905
91179 97150 96478 n 19937 , 4 905

 

