499

Tabulae X. Sect. V. 1α Capricdrm‘.

1840 1840 ·, 1ιιωω. »ωιωωῄ

*Μ Μ ww

1 1830 Ξοέ13ζ1594 -1ῗ3 139571
1 1831 8 164921 128,946
1 1832 8 19,8247 1 18,318
8231572 1 7,685
8264896 057,048
8298219 046,407

san. 0 -1’,246 4 3,9 - 2”,
10 -1,189 4- 7‚5 - 2,
20 -1,097 410,9 - 3,
30 -ο,971 414,1 - 3,
Fam-‚9 —o,815 ÷17,o — 3,

19 —0‚631 419‚7 - 3,
Mart. 1 -o‚421 -ξ-22,2 -
11 -0,188 424,4 -

—1 -1 1836 833,1542 085362
Ξῖ
2140,066 426,4 - ff,
0,
0,

-2 - 1 1837 8 36,4864 0 25,115
-2 -1 1838 8 39,8185 0 14,459
-3 Ο 1839 8 43,1505 O 3,802

3140,339 428,1 - -3 ο 1840 8464823 -12 59 53,140

5
2
5
6
5
Ο
6
4
2
0
1841 8 49,ss 141 59 42,475
7 -3 Ο 1842 8 53,1459 59 31,805
1 -3 0 1843 8 56,4776 59 21,131
,1 -3 ÷1 1844 8 59,8092 59 10,453
0
9
3
3
O
5
9
2
5
Ο

Apr.1o ÷o,627 429,4
20 ÷o‚927 ÷3o‚4
30 ÷1‚234 430,

Maj.10 -1-1,543 430,
20 ÷1‚849 430,

ωμω 88823 38383

80000 ΟΊΟΟΟΊΦΡ· ...sp-»mmm υἱ
ι 44444 44444 44444 44444 ιιιιι

-3 ÷1 1845 “ 9 3,1407 58 59,771
-3 41 1846 9 6,4721 58 49,085
1847 9 9‚8035 58 38,394

μὲθῑθψμέὓ 909)ὲρμὲ ,ΟΔ-’,999090

›ant-*ta

9 13‚1348 58 27,700
9 164660 58 17,001
9 19,7970 58 6,299

Jun. 9 -4-2,423 426,
19 42,678 424,
29 -1-2,903 420,

Jul. 9 ÷3‚o91 416‚8

44444 44441

8
8
1
30 42,145 428,7
ἵ,
7

§db-*b*

οφ mmmmm om
0 1415109194 „0093-3053

19 ÷3‚238 ÷12‚5 41
29 ÷3‚341 4- 8‚o 41
Aug'1g 3³23} ἶ {³ss ssh 73
28 43ζ374 - 5ζ5 411ζ85

1,
2,
3,
5,
6,
7,
8.-
9,
(1), Diei reducto addendum est:
Ι,

ante} Jan. 19 ζ 4ss

, post
Sept. 7 43,299 — 9,2 ÷11‚84
17 ÷3‚190 -12,3 ÷11‚71 -

9

ΗΟ

9

6
7

27 43,054 -14,5 411,50 - 24
Oct. 7 42,900 -15‚9 411,23 - 2,9

17 42,737 -16,3 410,92 - 3
6
7

27 -4-2,575 -15,7 ÷10‚57 —
Nov. 6 42,424 -14,2 ÷1o,2o
16 42392 -12,0 -1- 9,83
26 -1-2,185 - 9,1 45
Dec. 6 ÷2‚111 —- 5, ,07

7
16 42,071 - 2,2
26 42068 4 μζ

3,
3,
3,
3,
3,
3,
3,
3,
36 42103 4 5, 3,

8
9, 8
9 9
8‚68 8
8,31 7
7,95 4

111 menas. Jan. et Febr. annorum bissextorum legitur dies insequens.

 

32*

